@0
00
00
fd
00
08
00
@20
00
00
fd
00
08
00
@40
00
00
fd
00
08
00
@60
00
00
fd
00
08
00
@80
00
a0
5c
58
25
90
00
10
08
00
10
0c
14
00
10
01
10
10
0a
f6
00
0b
0d
14
00
0c
0d
14
00
7c
1a
14
00
7d
1b
14
00
7e
1c
14
00
7f
1d
14
00
14
0f
00
15
14
23
14
40
c0
21
3c
25
ca
00
14
01
14
14
08
ef
00
0d
5e
ca
00
18
2f
00
1c
25
00
20
1b
00
18
40
80
23
1c
25
40
21
21
20
21
16
18
40
80
21
38
20
00
21
25
ca
00
20
01
20
20
03
e3
00
1c
01
1c
1c
02
d9
00
18
01
18
18
04
cf
00
0b
c2
ca
00
0c
f4
ca
00
7c
14
ca
00
7d
24
ca
00
7e
2c
ca
00
7f
3c
ca
00
24
08
00
24
20
ee
00
24
01
24
24
80
f6
00
ff
03
00
25
0f
00
02
04
1c
00
06
08
29
00
25
25
0f
74
00
01
09
4b
00
02
0e
4b
00
00
00
3a
00
28
00
18
3a
00
30
2c
00
f7
00
40
00
dc
00
30
30
8f
00
2c
bf
00
38
38
15
59
2a
10
00
38
ea
a8
21
25
b1
00
ea
00
3c
3c
27
25
f7
00
36
00
40
48
4c
48
40
25
25
df
00
48
25
29
00
40
00
44
50
54
50
44
25
25
df
00
50
25
1c
00
a6
00
2c
bf
00
28
06
00
d2
b8
00
01
28
00
34
3a
00
34
d1
00
07
00
02
af
00
34
05
00
01
af
00
34
00
4c
3a
00
93
00
a0
5c
58
25
60
7c
14
ee
00
7d
14
ee
00
7e
14
ee
00
7f
14
ee
00
10
10
25
ec
00
02
14
0b
14
ee
00
0b
c2
ca
00
0c
14
ee
00
0c
f4
ca
00
10
23
00
10
7a
10
80
80
21
80
21
40
25
ca
00
10
7a
25
b8
ee
00
10
7a
10
04
00
1e
02
00
0d
25
25
14
00
10
01
10
10
60
2a
da
00
0d
14
ee
00
14
a2
00
18
98
00
1c
8e
00
14
40
80
23
18
25
40
21
21
1c
21
16
18
00
77
25
25
ee
00
18
28
00
1c
25
00
00
18
14
25
40
21
40
25
80
23
21
1c
21
80
a4
21
04
00
14
40
80
23
18
25
40
21
21
1c
21
16
25
16
14
00
4e
00
18
29
00
1c
02
25
00
00
18
14
25
40
21
40
25
80
23
21
1c
21
80
a4
21
06
00
14
40
80
23
18
25
40
21
21
1c
21
16
25
18
14
00
23
00
00
18
14
25
40
21
40
25
80
23
21
1c
21
80
a4
21
01
00
14
40
80
23
18
25
40
21
21
1c
21
16
25
13
14
00
1c
01
1c
1c
03
70
00
18
01
18
18
02
66
00
14
01
14
14
04
5c
00
20
01
24
7f
00
20
01
20
28
08
00
28
20
ee
00
28
01
28
28
0a
f6
00
20
0d
25
14
00
2c
3d
00
30
33
00
2c
40
80
21
30
21
3c
30
c0
80
21
32
25
ca
00
2c
40
80
21
30
21
3c
2c
c0
80
21
32
25
ee
00
2c
40
80
21
30
21
3c
2c
c3
82
21
03
23
0e
25
14
00
30
01
30
30
0a
cb
00
2c
01
2c
2c
04
c1
00
af
00
03
25
25
74
00
00
5c
3a
00
0c
17
4b
00
25
9a
00
00
a7
00
25
31
ff
2a
f9
00
25
03
25
74
00
20
60
f4
00
24
24
80
00
03
25
25
74
00
00
74
3a
00
0c
19
4b
00
25
9a
00
00
a7
00
25
17
94
2a
f9
00
25
03
25
74
00
34
0a
00
34
7a
25
20
ee
00
34
01
34
34
60
2a
f3
00
0b
20
ee
00
0c
20
ee
00
38
08
00
38
20
ee
00
38
01
38
38
0a
f6
00
3c
0a
00
3c
0e
25
20
ee
00
3c
01
3c
3c
08
f4
00
0d
20
ee
00
7c
20
ee
00
7d
20
ee
00
7e
20
ee
00
7f
20
ee
00
40
19
00
44
0f
00
40
40
80
21
44
21
3c
25
20
ee
00
44
01
44
44
0a
ef
00
40
01
40
40
04
e5
00
48
28
00
4c
1e
00
50
14
00
48
40
80
23
4c
25
40
21
21
50
21
16
25
20
ee
00
50
01
50
50
03
ea
00
4c
01
4c
4c
02
e0
00
48
01
48
48
04
d6
00
10
25
5c
58
60
08
00
80
7c
78
25
80
84
00
8c
3a
00
32
40
32
38
50
50
98
10
01
80
23
80
80
21
c0
23
10
21
10
10
50
2a
04
00
50
01
10
00
98
80
50
10
3a
00
64
14
3c
28
18
1c
20
0a
00
00
20
80
44
21
00
20
01
20
20
0a
f4
00
24
19
00
28
0f
00
00
24
40
80
21
28
21
80
04
21
00
28
01
28
28
0a
ef
00
24
01
24
24
04
e5
00
20
28
01
35
00
c6
00
54
54
10
1a
f4
10
25
50
21
25
6c
00
2c
0a
6c
00
30
05
6c
00
34
14
6c
00
38
ff
18
ff
30
3c
1a
00
40
10
00
00
3c
40
80
21
40
21
80
a4
21
ff
00
40
01
40
40
0a
ee
00
3c
01
3c
3c
04
e4
00
84
02
07
00
ff
1c
ff
34
24
2c
25
9a
00
a0
00
58
58
1c
2a
06
00
58
1c
58
0f
00
af
00
30
82
00
19
00
0a
6c
00
30
62
00
5c
5c
06
00
5c
ff
25
47
00
84
b5
00
84
d3
00
84
5f
00
34
82
00
29
00
05
6c
00
34
c0
00
60
60
1f
00
84
5f
00
ca
00
60
60
14
00
18
60
23
18
18
80
80
21
80
21
66
67
18
10
03
c3
23
0f
14
8a
00
38
82
00
29
00
14
6c
00
38
18
22
00
25
35
00
04
00
25
b3
00
ca
00
70
70
14
00
18
70
23
18
18
80
80
21
80
21
66
67
18
10
03
c3
23
0f
14
2c
82
00
12
00
c6
00
64
64
10
1a
f4
10
25
50
21
25
6c
00
2c
2b
00
44
38
00
48
2e
00
00
44
40
80
21
48
21
80
04
21
00
1e
00
00
44
40
80
21
48
21
80
a4
21
00
25
82
00
0e
00
44
48
18
56
00
68
68
01
04
00
01
54
00
48
01
48
48
0a
d0
00
44
01
44
44
04
c6
00
4c
3c
00
4c
80
28
21
00
16
00
4c
80
18
21
00
25
82
00
0c
00
4c
80
28
21
00
4c
80
18
21
ff
00
4c
80
20
21
00
16
00
4c
80
30
21
00
25
82
00
0c
00
4c
cb
00
6c
6c
01
04
00
25
0b
00
4c
01
4c
4c
84
2a
c1
00
e2
00
25
7c
78
80
08
00
e8
14
10
25
18
18
80
20
21
00
02
20
00
03
34
00
01
03
00
70
00
18
80
20
21
02
00
64
6c
00
25
18
80
30
21
00
18
7a
25
0b
14
00
59
00
18
80
20
21
03
00
64
6c
00
25
18
80
30
21
00
18
7a
25
20
ee
00
42
00
14
3c
00
00
b4
18
3a
00
14
ff
14
14
0c
00
01
03
00
0c
00
0b
20
ee
00
06
00
0c
20
ee
00
00
18
80
20
21
00
18
80
30
21
ff
00
18
7a
25
b8
ee
00
18
7a
18
04
00
1e
02
00
0d
25
25
14
00
04
00
01
02
00
25
25
14
10
18
08
00
d8
24
20
25
28
2c
30
28
40
80
21
2c
21
3c
1c
00
28
40
80
21
2c
21
80
04
21
00
01
06
00
02
24
00
6e
00
00
28
40
80
21
2c
21
80
04
21
02
00
28
6c
00
25
00
28
40
80
21
2c
21
80
a4
21
00
1c
0b
14
00
4d
00
00
28
40
80
21
2c
21
80
04
21
03
00
00
28
40
80
21
2c
21
80
a4
21
ff
00
1c
20
ee
00
30
2d
00
10
14
1f
00
18
15
00
00
14
40
80
21
18
21
80
04
21
00
03
04
00
10
01
10
18
01
18
18
0a
e9
00
14
01
14
14
04
df
00
10
04
00
01
03
00
00
25
25
24
20
28
08
00
d0
2c
28
25
30
00
cc
30
3a
00
20
24
20
30
01
25
df
00
20
25
29
00
24
25
1c
00
10
24
00
20
10
c0
07
18
18
1f
18
10
0e
18
1f
04
00
20
02
00
14
25
ee
00
18
0a
08
00
10
0e
18
25
25
14
00
10
01
10
10
04
da
00
04
14
25
00
24
14
fc
c0
07
1c
1c
1f
1c
14
0e
1c
1f
04
00
20
02
00
14
25
ee
00
1c
20
08
00
14
0e
1c
25
25
14
00
14
01
14
14
08
d9
00
25
2c
28
30
08
00
d0
2c
28
25
dc
00
14
14
8f
00
18
18
08
04
00
01
5a
00
18
00
04
00
02
53
00
18
10
4e
00
0f
25
25
74
00
3c
00
dc
25
3a
00
00
f7
00
25
b1
00
10
29
00
bf
00
1c
1c
15
59
2a
16
00
00
f8
3a
00
1c
ea
a8
21
25
b1
00
ea
00
20
20
27
25
f7
00
af
00
dc
00
14
14
8f
00
18
18
10
10
10
d6
00
25
0f
25
74
00
25
9a
00
3c
00
00
25
3a
00
25
25
2c
28
30
08
00
d0
2c
28
25
30
dc
00
18
10
4d
00
10
80
20
21
00
43
00
14
10
04
00
00
02
00
04
1c
10
04
00
80
02
00
01
20
18
1c
24
0b
00
18
20
24
06
00
14
f1
14
0e
00
18
1c
24
09
00
18
20
24
04
00
14
0f
14
10
7a
25
dd
00
25
14
21
24
24
14
5c
a0
00
24
10
7a
25
24
ca
00
10
01
10
10
30
2a
b0
00
25
2c
28
30
08
00
98
64
60
25
68
68
08
00
02
00
04
08
25
77
00
10
14
0a
18
1c
20
24
2b
00
28
21
00
00
24
40
80
21
28
21
80
04
21
00
11
00
24
20
28
18
2a
03
00
28
18
28
1c
2a
03
00
28
1c
28
01
28
28
0a
dd
00
24
01
24
24
04
d3
00
18
c0
80
21
40
21
44
1c
c0
80
21
40
21
10
48
00
01
1a
00
01
2a
00
02
49
00
48
5c
0c
00
00
18
3a
00
00
0a
08
0a
14
3a
00
0a
10
36
00
44
15
0c
00
00
3c
3a
00
00
0a
08
0a
14
27
00
f6
10
23
00
08
28
19
00
44
15
0b
00
00
60
3a
00
02
00
0a
10
10
00
00
84
3a
00
01
00
f6
10
06
00
08
0a
08
0a
14
00
00
5a
00
2c
53
00
2c
00
77
4c
38
14
21
20
c0
80
21
21
08
4c
2a
3f
00
2c
02
38
00
30
2f
00
34
25
00
00
2c
30
25
40
21
40
25
80
23
21
34
21
80
a4
21
00
30
40
80
23
2c
25
40
21
21
34
21
16
25
20
ee
00
34
01
34
34
03
d9
00
30
01
30
30
04
cf
00
04
00
01
8a
00
2c
01
2c
2c
03
ab
00
40
10
21
40
38
14
21
38
04
01
04
04
02
02
00
04
38
6b
00
3c
61
00
00
38
40
80
21
3c
21
80
04
21
00
03
00
4f
00
38
40
80
21
3c
21
3c
50
50
dd
00
54
50
02
00
58
54
10
21
54
58
14
21
58
50
54
ca
00
50
58
ee
00
04
2c
00
50
28
00
40
40
0f
19
00
10
06
00
0e
0b
00
18
00
10
0a
00
11
0f
00
10
00
10
40
0c
00
0e
40
08
00
11
40
04
00
0f
40
00
50
40
14
00
3c
01
3c
3c
0a
9d
00
38
01
38
38
04
93
00
25
25
64
60
68
08
00
d8
24
20
25
10
14
59
00
00
14
80
44
21
00
03
00
4c
00
10
01
10
14
18
18
02
00
1c
00
14
80
44
21
00
01
20
00
01
36
00
02
34
00
1c
f5
1c
1c
33
0d
00
18
20
ee
00
00
14
80
44
21
00
21
00
18
1c
ee
00
1b
00
1c
0b
1c
1c
d5
0d
00
18
20
ee
00
00
14
80
44
21
00
08
00
18
1c
ee
00
02
00
00
14
01
14
14
0a
a5
00
10
25
24
20
28
08
00
b8
44
40
25
00
a8
3a
00
10
0b
14
c6
00
28
28
01
2c
2c
01
2c
18
66
00
20
5a
00
c6
00
28
28
66
67
18
10
83
c3
23
40
80
21
23
1c
1c
14
03
00
41
00
03
24
13
00
00
24
40
80
21
1c
21
80
04
21
00
03
00
07
00
24
ff
24
24
ec
00
24
ff
24
00
24
40
80
21
1c
21
3c
30
30
dd
00
34
30
02
00
38
34
07
34
38
08
38
01
34
38
0e
00
01
1c
04
10
25
10
08
00
20
01
20
20
32
a4
00
1c
14
18
01
18
18
2c
2a
97
00
10
f7
00
25
44
40
48
08
00
d8
24
20
25
28
dc
00
14
10
44
00
10
04
00
20
02
00
42
14
24
36
00
10
80
28
21
00
2f
00
00
bc
3a
00
10
7a
25
dd
00
18
10
7a
25
02
00
1c
18
07
18
1c
0c
1c
02
18
1c
0e
00
08
06
4b
00
10
80
28
21
01
00
50
6c
00
25
10
80
18
21
00
10
01
10
10
28
2a
b9
00
25
24
20
28
08
00
e0
1c
18
25
20
24
28
10
1e
00
00
10
80
44
21
00
13
00
20
00
10
80
44
21
00
10
24
ca
00
10
28
ee
00
01
10
00
10
01
10
10
0a
e0
00
ff
f7
00
00
cc
3a
00
25
25
1c
18
20
08
00
e8
14
10
25
18
18
01
00
0c
25
3a
00
18
80
20
21
01
00
18
7a
25
0a
14
00
64
6c
00
25
18
80
30
21
00
18
80
28
21
01
00
2c
6c
00
25
18
80
18
21
00
08
25
4b
00
25
14
10
18
08
00
e0
1c
18
25
20
24
00
1c
3a
00
00
24
40
80
21
20
21
80
04
21
01
00
28
6c
00
25
00
24
40
80
21
20
21
80
a4
21
00
24
40
80
21
20
21
3c
10
10
0a
14
00
10
64
10
10
25
ec
00
04
03
4b
00
25
1c
18
20
08
00
e0
1c
18
25
20
24
28
2c
00
28
3a
00
10
00
28
20
25
40
21
40
25
80
23
21
24
21
80
a4
21
00
08
75
00
80
00
34
21
00
08
00
00
28
20
25
40
21
40
25
80
23
21
24
21
80
a4
21
00
01
00
28
20
25
40
21
40
25
80
23
21
24
21
80
a4
21
00
20
40
80
23
28
25
40
21
21
24
21
16
10
10
28
00
14
14
01
14
14
10
25
14
00
31
00
2c
02
08
00
10
19
10
10
25
ec
00
00
28
20
25
40
21
40
25
80
23
21
24
21
80
a4
21
00
20
40
80
23
28
25
40
21
21
24
21
16
10
10
20
ee
00
02
00
00
25
1c
18
20
08
00
b8
44
40
25
48
20
58
00
20
80
20
21
00
03
00
4c
00
20
7a
25
dd
00
28
20
7a
25
02
00
2c
24
39
00
00
24
80
44
21
00
01
03
00
2b
00
24
30
30
dd
00
34
30
02
00
38
34
10
38
14
03
18
0c
1c
28
2c
10
0f
33
00
11
00
20
47
00
00
24
80
44
21
00
30
20
ee
00
01
11
00
24
01
24
24
0a
c5
00
20
01
20
20
48
2a
a5
00
25
25
44
40
48
08
00
a0
5c
58
25
20
24
ae
00
00
24
80
44
21
00
02
03
00
a0
00
24
dd
00
30
24
02
00
34
40
fd
38
f4
30
10
34
14
03
18
0c
1c
25
93
ac
33
00
85
00
40
30
23
66
67
18
10
03
c3
23
38
38
34
23
66
67
18
10
03
c3
23
3c
3c
04
03
00
69
00
01
28
61
00
3c
28
21
25
25
03
a0
00
40
01
2c
4d
00
38
2c
21
25
25
09
a0
00
44
00
40
40
80
21
44
21
80
04
21
00
34
00
40
40
80
21
44
21
3c
48
48
dd
00
4c
48
02
00
50
30
10
34
14
03
18
0c
1c
4c
50
10
08
33
00
14
00
44
40
81
00
00
24
80
44
21
00
24
20
ee
00
20
01
20
08
00
2c
ff
2c
2c
ff
b1
00
28
ff
28
28
ff
9d
00
24
01
24
24
0a
50
00
20
25
5c
58
60
08
00
a8
54
50
25
20
24
d0
00
00
24
80
44
21
00
03
00
c3
00
24
dd
00
2c
24
02
00
30
2c
10
30
14
03
18
0c
1c
38
6b
80
2c
33
00
ab
00
2c
c8
66
67
18
10
83
c3
23
34
34
c3
82
21
03
23
34
2c
c8
34
40
80
21
23
21
0f
00
0b
03
38
38
55
56
18
10
c3
23
25
40
21
23
38
30
89
66
67
18
10
03
c3
23
3c
00
24
80
44
21
00
02
01
ff
28
64
00
3c
28
21
25
25
01
a0
00
40
00
40
34
25
40
21
40
25
80
23
21
38
21
80
a4
21
00
38
00
34
40
80
21
38
38
00
21
44
40
00
77
48
2c
10
30
14
03
18
0c
1c
44
48
10
10
33
00
1b
00
00
24
80
44
21
00
34
38
40
25
c3
00
00
24
80
44
21
00
24
20
ee
00
20
01
20
00
00
24
80
44
21
00
02
04
00
ff
02
00
01
28
21
28
28
02
04
00
28
97
00
24
01
24
24
0a
2e
00
20
25
54
50
58
08
00
f0
0c
25
10
3c
10
21
00
00
70
05
00
00
90
02
00
00
25
0c
10
08
00
f0
0c
25
10
3c
10
23
00
00
04
00
00
70
00
00
08
00
00
e8
04
00
01
02
00
25
25
0c
10
08
00
d8
24
20
25
a7
00
10
10
c2
2a
2d
00
10
aa
53
18
10
83
c3
23
14
10
aa
53
18
10
83
c3
23
25
c0
80
21
21
80
21
21
23
18
18
9a
00
3c
14
21
3c
3c
70
04
00
3c
90
3c
14
02
00
25
25
24
20
28
08
00
e8
14
25
18
1c
20
98
80
00
38
00
18
00
1a
f4
10
12
04
18
00
1a
f4
10
08
08
18
1c
09
00
04
05
00
1f
04
02
00
1c
20
00
00
20
00
20
00
04
25
20
00
00
10
06
00
20
04
20
00
00
00
66
67
18
10
83
c3
23
00
00
c7
00
1c
07
00
20
00
04
25
20
00
00
25
14
18
08
00
e8
14
25
18
1c
20
24
18
20
21
00
1c
24
21
04
28
30
21
08
2c
34
21
0c
18
08
2a
06
00
18
28
2a
15
00
00
08
2a
06
00
00
28
2a
0b
00
28
00
2a
27
00
28
18
2a
22
00
1c
0c
2a
06
00
1c
2c
2a
15
00
04
0c
2a
06
00
04
2c
2a
0b
00
2c
04
2a
09
00
2c
1c
2a
04
00
01
02
00
25
25
14
18
08
00
f0
0c
25
10
0c
00
10
0c
10
27
00
24
25
0c
10
08
00
f8
04
25
08
0c
10
08
0c
2a
05
00
0c
08
08
00
08
10
2a
03
00
10
08
08
25
04
08
08
00
d8
24
25
28
2c
28
7e
00
21
c0
00
04
4b
00
08
07
0c
16
00
04
00
2c
21
0c
21
00
0f
07
0c
23
80
04
18
08
18
25
08
0c
ff
0c
0c
e9
00
10
07
14
17
00
04
00
2c
21
14
08
21
00
0f
07
14
23
80
04
1c
10
1c
25
10
14
ff
14
14
e8
00
00
08
00
00
04
00
00
10
00
00
04
00
04
01
04
04
10
b3
00
25
24
28
08
00
e8
14
10
25
10
00
25
25
25
2e
00
03
26
03
27
03
28
03
29
03
35
03
36
03
39
03
3a
03
44
03
45
03
4a
03
4b
03
53
03
54
03
5b
03
5c
03
63
03
64
03
6c
03
73
03
74
03
7c
03
83
03
84
03
8c
03
93
03
94
03
9c
03
a3
03
a4
03
ac
03
b3
03
b4
03
bc
03
c3
03
c4
03
cb
03
cc
03
d4
03
d5
03
da
03
db
03
e5
03
e6
03
e7
03
e8
03
e9
03
ea
03
f6
03
f7
03
f8
03
f9
25
10
25
bc
00
10
00
25
25
25
2e
00
03
27
03
28
03
36
03
37
03
38
03
45
03
46
03
47
03
48
03
57
03
58
03
67
03
68
03
77
03
78
03
87
03
88
03
97
03
98
03
a7
03
a8
03
b7
03
b8
03
c7
03
c8
03
d7
03
d8
03
e4
03
e5
03
e6
03
e7
03
e8
03
e9
03
ea
03
eb
03
f3
03
f4
03
f5
03
f6
03
f7
03
f8
03
f9
03
fa
03
fb
03
fc
10
01
25
bc
00
10
00
25
25
25
2e
00
03
25
03
26
03
27
03
28
03
29
03
34
03
35
03
39
03
3a
03
43
03
44
03
4a
03
4b
03
53
03
54
03
5a
03
5b
03
5c
03
6a
03
6b
03
6c
03
7a
03
7b
03
7c
03
8a
03
8b
03
99
03
9a
03
a8
03
a9
03
b7
03
b8
03
c6
03
c7
03
d5
03
d6
03
e4
03
e5
03
e6
03
e7
03
e8
03
e9
03
ea
03
eb
03
f3
03
f4
03
f5
03
f6
03
f7
03
f8
03
f9
03
fa
03
fb
03
fc
10
02
25
bc
00
10
00
25
25
25
2e
00
03
25
03
26
03
27
03
28
03
29
03
34
03
35
03
39
03
3a
03
43
03
44
03
4a
03
4b
03
53
03
54
03
5a
03
5b
03
5c
03
6a
03
6b
03
6c
03
79
03
7a
03
7b
03
86
03
87
03
88
03
89
03
8a
03
8b
03
99
03
9a
03
aa
03
ab
03
b3
03
b4
03
ba
03
bb
03
bc
03
c3
03
c4
03
ca
03
cb
03
cc
03
d4
03
d5
03
da
03
db
03
dc
03
e4
03
e5
03
e6
03
e7
03
e8
03
e9
03
ea
03
eb
03
f5
03
f6
03
f7
03
f8
03
f9
03
fa
10
03
25
bc
00
10
00
25
25
25
2e
00
03
29
03
2a
03
38
03
39
03
3a
03
47
03
48
03
49
03
4a
03
56
03
57
03
59
03
5a
03
65
03
66
03
69
03
6a
03
74
03
75
03
79
03
7a
03
83
03
84
03
89
03
8a
03
93
03
94
03
95
03
96
03
97
03
98
03
99
03
9a
03
9b
03
a4
03
a5
03
a6
03
a7
03
a8
03
a9
03
aa
03
ab
03
ac
03
b9
03
ba
03
c9
03
ca
03
d9
03
da
03
e7
03
e8
03
e9
03
ea
03
eb
03
f6
03
f7
03
f8
03
f9
03
fa
03
fb
03
fc
10
04
25
bc
00
00
10
54
00
25
25
47
00
10
05
25
bc
00
00
10
54
00
25
25
47
00
10
06
25
bc
00
10
00
25
25
25
2e
00
03
24
03
25
03
26
03
27
03
28
03
29
03
2a
03
2b
03
2c
03
2d
03
33
03
34
03
35
03
3c
03
3d
03
43
03
44
03
4b
03
4c
03
4d
03
5a
03
5b
03
5c
03
69
03
6a
03
6b
03
78
03
79
03
7a
03
87
03
88
03
89
03
96
03
97
03
98
03
a5
03
a6
03
a7
03
b5
03
b6
03
c4
03
c5
03
c6
03
d4
03
d5
03
e4
03
e5
03
f3
03
f4
03
f5
03
f6
10
07
25
bc
00
00
10
54
00
25
25
47
00
10
08
25
bc
00
10
00
25
25
25
2e
00
03
26
03
27
03
28
03
29
03
2a
03
35
03
36
03
3a
03
3b
03
44
03
45
03
4b
03
4c
03
54
03
5c
03
5d
03
64
03
65
03
6b
03
6c
03
6d
03
75
03
76
03
7a
03
7b
03
7c
03
7d
03
86
03
87
03
88
03
89
03
8a
03
8b
03
8c
03
8d
03
9b
03
9c
03
aa
03
ab
03
ac
03
b9
03
ba
03
bb
03
c8
03
c9
03
ca
03
d7
03
d8
03
d9
03
e6
03
e7
03
e8
03
f5
03
f6
03
f7
10
09
25
bc
00
00
10
54
00
25
25
47
00
10
0a
25
bc
00
00
10
54
00
25
25
47
00
10
0b
25
bc
00
10
00
25
25
25
2e
00
03
11
03
21
03
31
01
32
01
41
03
42
03
50
01
51
03
52
03
60
01
61
03
71
01
72
03
81
03
91
03
a1
03
b1
03
c1
10
0c
25
bc
00
00
10
54
00
25
25
47
00
10
0d
25
bc
00
10
00
25
25
25
2e
00
04
13
05
15
05
1a
04
1c
04
22
05
26
05
29
04
2d
04
31
05
33
04
34
04
35
04
37
04
38
04
3a
04
3b
05
3c
04
3e
04
40
05
42
04
44
05
45
05
47
05
48
05
4a
04
4b
05
4d
04
4f
04
50
05
52
04
54
05
55
05
56
05
57
05
58
05
59
05
5a
04
5b
05
5d
04
5f
04
61
05
63
04
64
04
65
04
66
04
69
04
6a
04
6b
05
6c
04
6e
04
72
04
7d
04
83
04
8c
10
0e
25
bc
00
10
00
25
25
25
2e
00
04
10
04
15
04
1a
04
1f
04
21
05
25
04
26
04
29
05
2a
04
2e
05
30
04
32
04
34
04
35
05
36
04
37
04
38
05
39
04
3a
04
3b
04
3d
05
3f
05
41
04
43
04
44
05
45
01
46
05
47
05
48
01
49
05
4a
04
4b
04
4c
05
4e
05
51
04
53
04
54
05
55
05
56
05
57
05
58
05
59
05
5a
04
5b
04
5c
05
5e
05
60
04
62
04
64
04
65
04
66
04
69
04
6a
04
6b
04
6d
05
6f
04
71
04
7e
04
80
04
8f
10
10
25
bc
00
10
00
25
25
25
2e
00
04
11
04
12
05
13
05
14
05
15
05
16
05
19
05
1a
05
1b
05
1c
04
1d
04
1e
04
20
05
23
04
24
04
25
05
26
05
27
05
28
05
29
04
2a
04
2b
05
2c
04
2f
04
32
05
33
05
34
04
36
05
37
05
38
04
39
05
3b
05
3c
04
3d
04
41
05
44
05
45
05
46
05
47
05
48
05
49
05
4a
05
4b
04
4e
04
50
04
55
04
56
04
59
04
5a
04
5f
04
64
04
6b
04
75
04
7a
10
0f
25
bc
00
10
00
25
25
25
2e
00
04
10
04
12
05
13
05
14
05
15
05
16
05
19
05
1a
05
1b
05
1c
04
1d
04
1f
04
21
05
23
04
24
04
25
05
26
05
27
05
28
05
29
04
2a
04
2b
05
2c
04
2e
04
30
04
32
05
33
05
34
01
35
04
36
05
37
05
38
04
39
01
3a
05
3b
05
3c
04
3d
04
3f
04
41
05
44
05
45
05
46
05
47
05
48
05
49
05
4a
05
4b
04
4e
04
56
04
59
04
65
04
66
04
69
04
6a
04
75
04
7a
04
86
04
89
10
11
25
bc
00
00
10
54
00
25
25
47
00
10
12
25
bc
00
00
10
54
00
25
25
47
00
10
13
25
bc
00
00
10
54
00
25
25
47
00
10
14
25
bc
00
00
10
54
00
25
25
47
00
10
15
25
bc
00
00
10
54
00
25
25
47
00
10
16
25
bc
00
00
10
54
00
25
25
47
00
10
17
25
bc
00
00
10
54
00
25
25
47
00
10
18
25
bc
00
00
10
54
00
25
25
47
00
10
19
25
bc
00
00
10
54
00
25
25
47
00
10
1a
25
bc
00
00
10
54
00
25
25
47
00
10
1b
25
bc
00
00
10
54
00
25
25
47
00
10
1c
25
bc
00
00
10
54
00
25
25
47
00
10
1d
25
bc
00
00
10
54
00
25
25
47
00
10
1e
25
bc
00
25
14
10
18
08
00
e8
14
10
25
1d
00
25
25
14
10
18
08
00
f8
04
25
00
25
04
08
08
00
f8
04
25
00
25
04
08
08
00
f8
04
25
00
25
04
08
08
00
f8
04
25
08
60
10
08
00
00
25
04
08
08
00
f8
04
25
60
10
00
25
04
08
08
00
f8
04
25
80
04
00
25
04
08
08
00
f0
0c
25
00
80
08
00
00
00
25
0c
10
08
00
f0
0c
25
00
80
00
00
00
25
0c
10
08
00
f8
04
25
08
80
08
00
25
04
08
08
00
f8
04
25
08
70
08
00
25
04
08
08
00
f8
04
25
08
70
0c
08
00
25
04
08
08
00
f8
04
25
08
70
08
08
00
25
04
08
08
00
f8
04
25
08
70
04
08
00
25
04
08
08
00
f8
04
25
40
00
25
04
08
08
00
f8
04
25
40
04
00
25
04
08
08
00
f0
0c
25
10
14
10
00
00
00
14
25
00
30
00
00
25
0c
10
08
00
f0
0c
25
10
14
10
00
00
00
14
25
00
30
04
00
00
25
0c
10
08
00
f0
0c
25
10
14
18
10
00
00
14
00
00
25
00
00
18
25
00
30
08
00
00
25
0c
10
08
00
f8
04
25
30
08
00
25
04
08
08
00
f8
04
25
08
60
08
00
00
25
04
08
08
00
f8
04
25
60
00
25
04
08
08
00
f8
04
25
08
60
04
08
00
00
25
04
08
08
00
f8
04
25
60
04
00
25
04
08
08
00
f0
0c
25
10
14
10
00
25
10
21
00
00
14
00
25
0c
10
08
00
f0
0c
25
10
10
00
25
10
21
00
00
00
25
0c
10
08
00
f0
0c
25
10
14
10
00
25
10
04
21
00
00
14
00
25
0c
10
08
00
f0
0c
25
10
10
00
25
10
04
21
00
00
00
25
0c
10
08
00
f0
0c
25
10
14
10
00
25
10
08
21
00
00
14
00
25
0c
10
08
00
f0
0c
25
10
10
00
25
10
08
21
00
00
00
25
0c
10
08
00
f8
04
25
0c
10
14
08
25
25
04
08
08
00
08
5f
25
26
03
64
23
03
05
23
00
21
00
21
3f
32
23
21
21
e0
00
20
40
60
00
2b
03
04
80
a0
08
0c
10
14
18
1c
80
00
04
08
0c
10
14
18
1c
20
24
28
2c
30
34
38
3c
a0
20
24
28
2c
30
34
38
3c
40
d8
40
25
00
1f
13
00
00
04
08
0c
10
14
18
1c
20
00
04
08
0c
10
14
18
1c
20
03
07
23
21
00
04
04
fc
fc
06
21
00
01
01
fc
ff
08
00
03
06
23
00
03
21
00
21
3f
42
23
21
21
e0
00
20
40
60
00
04
08
2b
03
0c
80
a0
10
14
18
1c
03
07
0b
0f
13
17
1b
1f
80
00
04
08
0c
10
14
18
1c
20
24
28
2c
30
34
38
3c
23
27
2b
2f
33
37
3b
3f
a0
20
24
28
2c
30
34
38
3c
40
c7
40
25
00
1f
1b
00
00
04
08
0c
10
14
18
1c
03
07
0b
0f
13
17
1b
1f
20
00
04
08
0c
10
14
18
1c
20
03
08
23
21
00
03
04
04
fb
fc
89
21
00
01
01
fc
ff
08
00
10
42
25
04
23
00
04
04
03
03
23
00
21
04
03
23
00
21
3f
1d
23
21
21
e0
2b
03
00
80
a0
00
04
08
0c
10
14
18
1c
20
24
28
2c
30
34
38
3c
40
e9
00
25
1f
0a
00
00
04
08
0c
10
14
18
1c
20
03
05
23
21
04
fe
fc
04
21
01
fe
ff
08
00
@1980
64
20
68
6f
20
74
77
69
66
6d
20
65
6f
64
20
74
20
20
72
67
20
64
0a
70
20
6e
77
2d
72
70
20
6e
67
2d
72
77
20
72
77
25
65
6f
61
3d
25
72
61
6e
6c
72
00
6e
73
65
6c
62
6e
75
61
69
25
00
62
6b
0a
5f
73
74
6d
6c
65
79
67
6d
6e
6f
66
20
68
65
79
67
6d
6e
6f
66
20
74
65
79
67
6d
6e
69
20
6d
77
65
79
67
6d
6e
65
66
20
6e
45
49
53
54
0a
70
65
73
74
45
52
4c
55
54
4f
41
46
20
4e
59
20
43
54
55
54
70
65
20
0a
65
79
74
62
65
69
60
ac
ac
a4
ac
a4
ac
a4
@1a1a
03
03
03
00
03
03
@1a22
03
@1a25
00
03
@1a29
00
03
@1a2d
00
03
03
00
00
03
03
00
00
03
00
03
@1a3b
00
03
@1a3f
00
03
00
03
00
03
00
03
00
03
00
03
03
@1a4e
00
03
@1a5a
00
03
@1a5e
03
00
03
00
03
00
03
00
03
@1a69
00
03
@1a6d
00
03
03
00
00
03
00
00
00
03
00
03
00
03
00
03
00
03
00
03
00
03
00
03
00
03
00
03
00
03
03
@1a8e
00
03
@1a9a
00
03
@1a9e
03
00
00
00
03
00
03
00
03
00
03
00
03
00
03
00
03
00
03
00
00
03
@1ab6
03
00
00
00
03
00
00
00
03
00
03
00
03
00
03
00
03
00
03
00
03
03
@1ace
00
03
@1adb
00
@1ade
00
00
@1ae2
02
02
02
00
00
00
00
00
00
01
@1aee
02
06
@1af2
02
01
00
00
00
06
00
00
02
06
01
00
00
02
00
00
00
00
00
00
00
02
02
00
00
00
@1b0e
00
00
@1b15
00
00
02
02
00
00
00
00
01
00
00
02
02
02
02
06
00
06
06
00
00
06
01
02
00
02
06
06
02
01
01
06
00
02
06
00
00
06
06
00
01
06
06
00
00
02
02
00
00
00
00
02
02
00
00
00
00
01
00
00
01
@1b54
00
00
00
08
00
00
00
09
00
03
00
03
00
03
00
03
00
03
09
01
00
01
03
01
08
03
03
08
03
09
08
09
03
08
09
09
03
00
08
09
09
00
09
09
09
00
08
09
08
00
08
08
00
00
00
09
@1b8e
00
09
00
@1b96
00
05
@1b9a
01
01
00
00
04
04
04
00
05
05
04
00
04
05
05
05
05
04
04
04
07
07
07
01
01
01
07
04
07
07
07
05
04
04
04
00
05
04
05
00
04
05
04
00
04
04
04
00
07
07
@1bce
00
05
@1bd5
09
09
09
09
08
08
08
08
09
08
08
01
08
03
03
01
09
03
08
03
08
08
08
03
09
08
08
03
08
08
09
03
09
08
09
03
08
08
08
03
09
08
08
03
08
03
08
03
09
03
03
01
08
08
08
01
09
09
09
09
08
08
08
08
09
09
09
09
08
00
08
08
09
00
08
08
08
00
03
08
09
09
08
09
08
08
08
00
09
08
08
03
08
08
09
03
09
08
09
03
08
08
08
03
09
08
08
03
00
00
08
03
09
03
00
08
08
08
08
08
09
09
00
09
08
08
08
08
09
09
09
09
08
00
00
08
09
00
09
08
00
00
00
00
09
09
00
00
08
08
08
00
09
08
08
00
00
08
09
00
00
08
09
09
00
00
08
03
00
00
08
03
00
00
08
00
09
09
00
08
08
08
00
08
09
09
00
00
08
08
08
08
00
@1c98
00
00
00
00
09
00
00
00
08
00
00
09
08
00
00
08
09
00
00
08
08
00
00
09
08
00
09
08
08
00
08
09
08
00
08
08
09
00
08
08
03
00
08
01
03
00
09
08
09
00
08
09
01
09
09
08
03
09
08
08
08
00
@1cd8
00
00
@1cdc
09
00
@1ce0
00
00
00
09
00
00
00
08
09
00
00
00
00
00
00
00
00
00
00
00
08
00
08
09
08
00
08
08
09
00
08
00
03
00
00
01
03
00
00
08
09
00
08
09
08
09
09
08
03
09
00
08
08
09
@1d19
08
09
00
00
08
08
@1d21
09
08
00
00
08
08
09
00
08
09
08
00
08
08
08
00
08
08
09
00
08
01
08
09
08
08
08
09
08
08
08
08
08
08
08
08
08
03
08
08
08
01
08
09
08
03
01
08
08
08
08
09
09
@1d59
08
00
@1d5d
08
@1d61
09
08
00
00
08
00
09
00
08
00
@1d6d
08
08
@1d71
08
00
09
00
08
01
08
09
08
08
00
09
08
08
08
00
08
08
08
00
08
03
08
00
08
08
08
00
08
03
01
00
08
08
08
09
00
@1d99
00
@1d9d
00
03
@1da1
03
00
00
00
03
00
03
00
03
00
03
03
03
00
03
00
00
00
03
00
00
00
03
00
00
03
03
00
00
00
03
00
00
00
03
00
03
00
03
03
00
03
03
00
00
00
00
00
@1de1
03
03
00
03
00
03
00
00
00
03
03
00
00
03
03
00
00
03
03
00
00
03
00
03
00
03
00
00
00
03
00
00
00
03
00
00
00
03
00
00
00
03
03
00
03
03
03
03
@1e19
00
00
00
00
00
00
00
00
00
00
00
00
00
00
00
00
00
00
00
00
00
00
00
00
00
00
00
00
00
00
00
00
00
00
00
00
00
00
00
00
00
00
00
00
00
00
00
00
00
03
03
00
00
03
03
00
@1e61
00
00
03
03
03
03
03
00
03
03
03
00
00
03
03
00
00
03
03
00
00
03
03
03
03
03
03
00
03
03
03
00
00
03
03
00
00
00
00
00
00
00
00
00
00
00
00
03
@1e96
00
08
00
00
00
09
00
02
00
02
00
02
00
02
00
02
09
01
00
01
02
01
08
02
02
08
02
09
08
09
02
08
09
09
02
00
08
09
09
00
09
09
09
00
08
09
08
00
08
08
00
00
00
09
@1ece
00
09
00
@1ed8
02
00
00
00
00
00
@1ee6
00
00
00
