@0
00
00
ff
00
00
00
@20
00
00
ff
00
00
00
@40
00
00
ff
00
00
00
@60
00
00
ff
00
00
00
@80
00
ff
00
00
f0
16
00
00
00
00
00
00
18
00
00
00
00
00
00
ff
00
00
00
18
00
00
00
18
00
00
00
18
00
00
00
18
00
00
00
18
00
00
00
18
00
00
00
00
00
00
20
00
10
18
10
00
28
17
00
00
00
00
00
00
ff
00
00
01
17
00
00
00
00
00
00
00
00
00
00
00
10
18
20
00
10
10
10
18
00
10
00
00
11
18
10
00
00
11
10
28
17
00
00
00
00
00
00
ff
00
00
00
00
00
00
ff
00
00
00
00
00
00
ff
00
00
01
17
00
00
01
17
00
00
00
17
00
00
00
17
00
00
01
17
00
00
01
17
00
00
00
00
00
03
17
00
00
00
00
00
00
ff
00
00
17
00
20
17
00
01
03
17
00
05
07
17
00
20
28
00
17
00
00
00
17
00
00
00
17
00
80
66
18
00
00
80
66
18
00
00
00
ff
16
00
00
00
16
00
00
00
0f
00
00
17
00
00
00
00
31
10
00
00
00
ff
ce
10
20
17
00
16
00
00
00
10
20
16
00
17
00
00
00
00
00
00
28
30
0e
00
00
20
17
00
17
00
00
00
00
00
00
28
30
0e
00
00
20
17
00
16
00
00
ff
00
00
00
00
04
16
00
00
00
80
66
18
00
00
16
00
00
00
00
01
00
00
00
00
00
01
00
00
80
66
18
00
ff
00
ff
00
00
f0
00
00
00
17
00
00
00
17
00
00
00
17
00
00
00
17
00
80
80
20
06
00
00
80
00
00
17
00
00
01
17
00
00
00
17
00
00
01
17
00
00
00
00
00
00
00
10
18
10
18
10
01
28
17
00
00
00
20
01
17
00
00
00
00
00
00
00
00
00
00
20
28
18
00
00
00
00
00
00
10
ff
00
00
00
17
00
00
00
00
00
00
00
00
00
00
00
10
18
20
00
10
10
10
18
00
10
00
00
11
01
20
28
17
00
00
00
00
00
00
00
80
00
00
10
10
10
18
20
18
18
18
00
10
18
7b
10
00
00
00
10
18
20
00
10
10
10
18
00
10
00
20
00
18
00
00
00
00
00
00
00
00
00
00
80
00
00
10
10
10
18
20
18
18
18
00
10
18
7b
10
00
00
00
10
18
20
00
10
10
10
18
00
10
00
20
00
18
00
00
00
80
00
00
10
10
10
18
20
18
18
18
00
10
18
7b
10
00
00
00
10
18
20
00
10
10
10
18
00
10
00
20
00
18
00
00
00
00
00
00
ff
00
00
00
00
00
00
ff
00
00
00
00
00
00
ff
00
00
00
00
00
00
00
00
00
00
00
00
00
03
17
00
00
00
00
00
00
ff
00
00
00
28
18
00
00
00
00
00
00
00
00
10
18
18
00
10
00
00
10
18
10
00
28
17
00
00
10
18
18
00
10
00
00
10
18
10
00
28
17
00
00
10
18
18
00
10
00
00
17
17
18
00
10
00
28
18
00
00
00
00
00
00
ff
00
00
00
00
00
00
ff
00
16
00
00
28
30
17
00
80
66
18
00
00
00
17
00
20
17
00
00
17
00
18
01
2c
10
ff
00
20
00
30
17
00
00
00
03
00
00
00
ff
00
00
28
30
17
00
80
66
18
00
00
00
17
00
20
17
00
00
17
00
18
01
be
10
ff
00
20
00
30
17
00
00
00
00
00
00
20
03
17
00
00
00
00
00
00
10
ff
00
00
03
17
00
00
03
17
00
00
00
00
00
03
17
00
00
00
00
00
00
ff
00
00
00
00
00
00
20
03
17
00
00
00
00
00
00
ff
00
00
03
17
00
00
03
17
00
00
03
17
00
00
03
17
00
00
03
17
00
00
00
00
00
00
00
00
10
18
18
00
10
00
20
03
17
00
00
00
00
00
00
ff
00
00
00
00
00
00
ff
00
00
00
00
00
00
00
00
00
00
00
10
18
20
00
10
10
10
18
00
10
00
20
03
17
00
00
00
00
00
00
ff
00
00
00
00
00
00
ff
00
00
00
00
00
00
ff
00
80
e8
00
00
00
00
00
ff
00
00
f0
00
00
80
66
18
00
00
80
00
80
00
00
03
00
00
00
10
10
18
10
18
10
00
10
00
00
00
10
00
00
00
00
00
80
66
00
00
00
18
00
00
00
80
00
00
00
00
00
00
80
00
18
7d
10
00
00
00
00
00
00
ff
00
00
00
00
00
00
00
80
00
10
18
10
00
10
18
7c
10
00
00
00
00
00
00
ff
00
00
00
00
00
00
ff
00
80
80
00
08
00
16
00
00
00
00
00
01
10
18
00
10
20
0e
00
00
00
0e
00
00
00
0e
00
00
00
0e
00
00
ff
80
ff
80
00
00
00
00
00
00
80
00
10
18
10
00
10
18
7c
10
ff
00
00
00
00
00
00
ff
00
00
00
00
00
00
ff
00
00
00
00
00
ff
80
ff
80
80
80
20
17
00
0e
00
00
00
00
10
00
00
00
00
00
17
00
16
00
00
0e
00
00
00
00
0e
00
00
07
00
00
00
00
00
00
ff
20
0b
00
00
0a
00
00
07
00
00
0c
00
00
0e
00
00
00
00
0e
00
00
09
00
00
00
00
00
00
0c
00
0c
00
00
00
00
00
00
00
10
00
00
10
18
10
18
10
66
66
00
18
19
17
10
00
00
0d
00
00
0e
00
00
00
00
0e
00
00
00
00
00
20
08
00
00
00
10
00
00
0c
00
00
00
00
00
00
00
10
00
00
10
18
10
18
10
66
66
00
18
19
17
10
00
00
00
0e
00
00
00
16
00
00
00
00
00
01
10
18
00
10
20
0e
00
00
0a
00
00
00
00
00
00
00
80
00
10
18
10
00
10
18
7c
10
00
00
00
80
00
10
18
10
00
10
18
7c
10
00
20
0e
00
00
00
00
00
00
06
00
00
00
00
00
00
00
00
00
00
00
00
00
00
ff
00
00
00
00
00
00
ff
00
00
00
00
00
18
80
10
00
00
00
00
18
80
10
00
20
0e
00
00
00
00
18
80
10
00
00
18
80
10
ff
00
00
18
80
10
00
00
00
00
18
80
10
00
20
0e
00
00
00
00
05
00
00
00
00
00
00
10
00
00
00
00
00
00
00
10
ff
00
fe
00
e8
00
00
00
00
00
ff
00
00
f0
00
00
18
80
10
00
00
00
00
00
00
00
00
00
00
00
00
00
18
80
10
00
00
00
0e
00
20
00
18
80
10
00
00
00
20
00
18
00
00
00
00
18
80
10
00
00
00
0e
00
20
00
18
80
10
00
00
00
20
03
17
00
00
00
80
00
00
80
66
00
18
00
80
ff
80
80
00
00
00
00
00
00
00
00
03
17
00
00
00
00
03
17
00
00
00
18
80
10
00
00
18
80
10
ff
00
00
00
20
01
17
00
00
00
00
00
00
00
00
00
00
20
28
18
00
00
00
00
00
00
10
e8
00
00
00
00
00
ff
00
00
f0
00
00
00
00
10
18
18
00
10
00
00
80
00
10
18
10
00
10
18
7c
10
00
00
00
00
00
00
00
00
00
80
00
10
18
10
00
10
18
7c
10
00
00
00
0e
00
28
80
00
10
18
10
00
10
18
7c
10
00
00
00
18
00
00
00
80
00
10
18
10
00
10
18
7c
10
00
00
80
00
10
18
10
00
10
18
7c
10
ff
00
00
03
17
00
00
00
00
00
00
00
00
00
00
00
80
00
10
18
10
00
10
18
7c
10
00
00
00
00
00
00
00
00
00
00
00
00
ff
00
00
00
00
00
00
ff
00
00
00
00
00
00
00
00
10
e8
00
00
00
00
00
ff
00
00
f0
00
80
66
00
18
00
00
00
00
00
00
30
0e
00
00
20
17
00
00
20
17
00
00
00
00
00
00
10
10
00
00
00
00
00
00
00
00
00
00
03
00
00
00
28
17
00
00
00
00
00
00
00
00
20
28
18
00
00
00
00
00
00
ff
00
00
00
00
00
00
00
ff
10
10
00
00
00
00
00
00
00
00
00
00
03
00
00
00
28
17
00
00
00
00
00
00
00
00
20
28
18
00
00
00
00
00
00
ff
00
e8
00
00
00
00
00
ff
00
00
f0
16
00
00
00
0f
00
00
00
00
00
00
00
00
00
00
04
00
00
00
00
00
00
08
00
00
00
28
30
17
00
80
80
66
28
18
00
ff
16
00
20
17
00
00
00
00
17
00
00
00
00
31
10
00
00
80
66
18
00
00
ff
ce
10
20
17
00
16
00
00
00
10
20
16
00
16
00
16
00
00
00
0f
00
00
00
08
00
00
ff
00
20
00
30
17
00
20
17
00
80
80
67
28
18
00
10
e8
00
00
00
00
00
ff
00
00
f0
00
16
00
00
00
00
00
00
18
80
10
00
00
00
00
00
00
00
02
00
00
00
00
00
00
00
00
00
00
00
00
00
00
10
00
00
00
00
10
00
00
00
ff
00
00
00
00
00
10
00
00
00
00
10
00
00
00
00
00
00
00
20
17
00
18
00
10
00
00
00
02
0f
00
00
00
00
20
00
17
00
00
00
00
00
00
10
ff
00
e8
00
00
00
00
00
ff
00
00
f0
00
00
00
00
00
80
80
80
10
01
00
00
00
00
00
00
00
00
00
00
00
00
00
80
00
10
18
10
00
10
18
7c
10
00
00
00
00
00
00
00
10
00
00
00
00
00
00
10
00
00
00
00
00
00
00
00
00
ff
00
00
00
00
00
00
ff
00
00
10
18
18
80
10
00
00
10
18
18
80
10
00
00
80
00
00
00
00
00
00
00
00
00
00
02
00
00
80
67
18
00
80
00
80
00
00
00
00
00
00
00
00
00
00
00
00
80
67
18
00
80
00
80
00
00
00
00
ff
00
00
00
80
00
00
00
00
00
00
00
80
67
18
00
00
80
00
00
00
00
80
67
18
00
00
80
ff
00
00
00
80
00
80
00
00
00
80
00
00
00
00
00
00
11
01
00
80
00
18
00
10
20
10
10
00
00
10
00
00
00
00
00
00
00
00
00
00
00
00
80
00
00
10
10
10
18
20
18
18
18
00
10
18
7b
10
00
00
10
18
20
00
10
10
10
18
00
10
00
20
03
17
00
00
00
00
00
00
ff
00
00
00
00
00
00
ff
00
00
00
00
00
00
00
00
00
00
00
ff
00
80
00
10
80
80
00
10
80
80
00
80
80
00
00
00
80
00
00
00
00
00
00
80
00
10
18
10
00
10
18
7c
10
00
00
00
00
00
00
10
18
18
00
10
00
00
00
17
00
00
00
18
00
00
00
00
10
00
00
00
10
00
00
00
17
00
00
00
17
00
80
00
00
00
18
00
00
00
00
00
00
00
00
00
00
00
00
00
00
00
00
00
00
00
00
00
00
00
00
00
00
00
00
00
00
00
00
00
00
00
00
00
00
00
18
00
00
00
00
00
00
ff
00
00
00
00
00
00
ff
00
10
e8
00
00
00
00
00
ff
00
00
f0
00
00
00
00
80
00
18
7d
10
00
00
00
00
00
00
00
00
00
00
00
18
00
00
80
00
18
7d
10
00
00
00
00
00
00
00
00
00
00
00
ff
00
00
00
00
00
00
03
17
00
80
00
18
7d
10
00
00
00
00
00
17
00
00
00
00
00
00
00
01
00
00
00
03
17
00
80
00
18
7d
10
00
00
00
00
00
17
00
00
00
00
00
00
00
00
00
ff
00
00
e8
00
00
00
00
00
ff
00
00
f0
80
67
18
00
00
00
00
16
00
00
00
00
00
00
00
00
00
00
00
00
00
00
16
00
00
00
66
66
00
10
20
17
10
10
20
10
10
00
00
00
00
00
00
00
00
00
00
00
80
00
10
18
10
00
10
18
7c
10
00
00
00
00
00
00
ff
00
00
ff
00
00
ff
00
00
00
10
18
18
00
10
00
00
00
17
00
00
00
18
00
00
00
00
00
00
00
00
00
00
00
0b
00
00
00
10
00
10
00
00
00
00
00
00
00
00
ff
00
00
00
00
00
00
00
00
10
ff
00
00
16
00
e8
00
00
00
00
00
ff
00
00
f0
00
16
00
00
00
00
00
00
00
00
01
00
00
00
00
10
00
00
00
18
80
10
00
00
00
80
67
18
00
00
00
20
17
00
00
00
00
20
18
00
00
00
00
00
00
00
00
00
00
00
0b
00
00
00
17
00
00
18
80
10
00
00
00
0e
00
20
00
18
80
10
00
00
00
00
00
00
10
ff
00
e8
00
00
00
00
00
ff
00
00
f0
00
00
00
00
00
00
80
00
18
7d
10
00
00
00
00
80
00
20
7d
10
00
00
00
17
00
00
00
17
00
00
00
00
00
00
00
00
00
ff
00
ff
16
00
80
67
18
00
10
e8
00
00
00
00
00
ff
00
00
f0
00
00
00
80
68
28
18
00
00
18
80
10
00
00
00
00
20
00
18
00
00
0e
00
20
00
18
80
10
00
00
18
80
10
00
00
01
0e
00
20
00
18
80
10
00
00
28
17
00
e8
00
00
00
00
00
ff
00
00
f0
00
00
80
68
18
00
80
00
10
18
10
00
10
18
7c
10
00
00
00
0e
00
28
80
00
10
18
10
00
10
18
7c
10
00
00
10
18
18
00
10
00
00
00
00
18
00
80
00
80
80
20
06
00
00
00
17
00
e8
00
00
00
00
00
ff
00
00
f0
00
00
00
00
80
68
18
00
00
80
00
00
10
10
10
18
20
18
18
18
00
10
18
7b
10
00
00
00
00
18
80
68
10
00
00
00
80
00
00
10
10
10
18
20
18
18
18
00
10
18
7b
10
00
00
80
00
00
10
10
10
18
20
18
18
18
00
10
18
7b
10
00
00
10
18
20
00
10
10
10
18
00
10
00
00
00
18
00
00
00
00
00
00
00
28
18
00
00
00
00
00
00
00
80
00
80
80
20
06
00
80
00
00
10
10
10
18
20
18
18
18
00
10
18
7b
10
00
00
10
18
20
00
10
10
10
18
00
10
00
00
00
03
17
00
00
00
00
e8
00
00
00
00
00
ff
00
00
f0
00
00
00
00
00
18
80
10
00
00
00
00
00
00
00
20
17
00
00
00
00
20
18
00
00
00
00
00
80
00
18
7d
10
00
00
00
00
00
00
00
00
00
17
00
00
00
18
00
00
00
00
00
00
00
00
00
00
00
00
00
00
0f
00
00
00
00
0b
00
80
00
18
7d
10
00
00
03
17
00
00
00
00
00
00
00
00
00
ff
00
00
00
00
00
00
10
ff
00
10
e8
00
00
00
00
00
ff
00
00
f0
00
00
00
00
80
00
18
7d
10
00
00
00
00
00
00
00
17
00
00
00
18
00
00
80
ff
80
ff
00
00
00
00
00
00
00
00
28
01
00
0f
00
00
00
80
00
10
66
66
00
18
19
17
10
00
80
00
10
66
66
00
18
19
17
10
00
00
00
00
00
00
00
00
00
00
00
00
00
10
20
28
00
0f
00
00
00
00
00
00
00
00
10
20
28
00
0f
00
00
80
00
10
18
10
00
10
18
7c
10
00
00
00
00
10
18
18
00
10
00
00
00
17
00
00
00
18
00
00
00
00
00
00
00
00
00
00
00
00
00
00
0f
00
00
00
00
00
0b
00
80
00
18
7d
10
00
00
03
17
00
00
00
00
00
00
00
ff
00
00
ff
ff
00
00
ff
00
00
ff
ff
00
00
00
00
00
00
ff
00
00
e8
00
00
00
00
00
ff
00
00
f0
00
00
00
00
80
00
18
7d
10
00
00
00
00
00
00
17
00
00
00
18
00
00
00
00
00
00
00
00
00
00
00
01
02
00
0f
00
00
00
00
ff
66
66
00
18
19
17
10
00
00
17
17
18
00
10
00
00
ff
00
11
20
10
10
10
00
00
10
11
00
00
55
55
00
20
17
20
10
10
10
10
00
00
fe
66
66
00
18
19
17
10
00
80
00
18
7d
10
00
00
00
00
00
00
00
00
00
10
20
28
00
0f
00
00
80
00
00
10
10
10
18
20
18
18
18
00
10
18
7b
10
00
00
00
00
11
18
10
00
00
11
10
00
00
11
01
00
00
00
00
00
00
00
00
00
00
00
00
00
0f
00
00
00
80
00
18
7d
10
00
00
00
00
38
0b
00
80
00
18
7d
10
00
00
03
17
00
00
00
00
00
80
00
18
7d
10
00
00
00
00
ff
00
00
00
00
10
00
00
00
00
00
00
ff
00
00
00
00
00
00
ff
00
00
e8
00
00
00
00
00
ff
00
f0
00
80
00
10
00
00
17
00
00
00
e8
00
00
00
e8
00
00
00
00
ff
00
f0
00
80
00
10
00
00
00
00
00
17
00
00
00
00
00
03
00
00
00
00
00
10
e8
00
00
00
00
ff
00
00
f0
17
00
00
00
a2
10
00
00
00
64
37
00
18
1b
17
10
00
00
64
37
00
10
23
17
20
10
11
28
10
10
29
10
10
10
00
00
17
00
80
00
10
80
80
17
00
00
80
e8
80
00
00
00
10
e8
00
00
00
00
00
ff
00
f0
00
00
00
00
96
00
00
00
00
00
00
01
10
10
00
00
00
00
01
10
00
00
00
00
00
00
00
00
00
00
00
00
00
00
00
00
1a
00
00
00
00
00
18
00
00
00
27
00
00
00
00
00
00
00
00
66
66
00
18
18
17
10
00
00
ff
00
00
00
00
00
00
38
18
00
00
00
e8
00
00
00
00
ff
00
f0
00
00
00
00
00
00
10
00
00
00
10
00
00
00
10
00
00
00
10
00
00
00
10
00
00
00
00
10
00
00
00
00
10
00
00
00
00
10
00
00
00
00
10
00
00
00
00
10
00
00
00
00
10
00
00
00
00
10
00
00
00
00
10
00
00
00
00
10
00
00
00
00
10
00
00
00
00
10
00
00
00
00
00
10
e8
00
00
00
00
ff
00
f0
00
80
00
00
80
00
18
00
10
e8
00
00
00
00
ff
00
f0
00
00
00
00
00
10
00
00
00
00
00
00
00
00
10
00
00
00
00
00
e8
00
00
00
00
ff
00
f0
00
00
00
01
40
10
11
00
00
00
00
00
00
00
00
00
00
11
00
18
00
10
00
00
00
00
10
10
10
00
00
00
10
00
00
ff
00
00
ff
00
00
00
00
00
00
00
11
00
18
00
00
10
00
00
00
00
10
10
10
00
00
00
10
00
00
ff
00
00
ff
00
00
00
00
00
00
00
00
00
00
00
00
00
00
00
00
00
00
ff
00
e8
00
00
00
00
e0
1f
1f
f0
00
01
20
28
30
19
00
00
00
00
00
00
00
00
00
00
00
00
00
00
00
00
00
00
00
00
00
00
00
00
00
00
00
00
00
00
00
00
00
00
00
00
00
00
00
00
00
00
00
00
00
00
00
00
00
00
00
00
00
00
00
00
00
00
00
00
00
00
00
00
00
00
00
00
00
00
00
00
00
00
00
00
00
00
00
00
00
00
00
00
00
00
00
00
00
00
00
00
00
00
00
00
00
00
00
00
00
00
00
00
00
20
00
28
0f
00
01
01
20
28
30
19
00
00
01
00
01
00
01
00
01
00
01
00
01
00
01
00
01
00
01
00
01
00
01
00
01
00
01
00
01
00
01
00
01
00
01
00
01
00
01
00
01
00
01
00
01
00
01
00
01
00
01
00
01
00
01
00
01
00
01
00
01
00
01
00
01
00
01
00
01
00
01
00
01
00
01
00
01
00
01
00
01
00
01
00
01
00
01
00
01
00
01
01
00
28
0f
00
02
01
20
28
30
19
00
00
02
00
02
00
02
00
02
00
02
00
02
00
02
00
02
00
02
00
02
00
02
00
02
00
02
00
02
00
02
00
02
00
02
00
02
00
02
00
02
00
02
00
02
00
02
00
02
00
02
00
02
00
02
00
02
00
02
00
02
00
02
00
02
00
02
00
02
00
02
00
02
00
02
00
02
00
02
00
02
00
02
00
02
00
02
00
02
00
02
00
02
00
02
00
02
00
02
00
02
00
02
00
02
00
02
00
02
02
00
28
0f
00
03
01
20
28
30
19
00
00
03
00
03
00
03
00
03
00
03
00
03
00
03
00
03
00
03
00
03
00
03
00
03
00
03
00
03
00
03
00
03
00
03
00
03
00
03
00
03
00
03
00
03
00
03
00
03
00
03
00
03
00
03
00
03
00
03
00
03
00
03
00
03
00
03
00
03
00
03
00
03
00
03
00
03
00
03
00
03
00
03
00
03
00
03
00
03
00
03
00
03
00
03
00
03
00
03
00
03
00
03
00
03
00
03
00
03
00
03
00
03
00
03
00
03
00
03
00
03
00
03
00
03
00
03
03
00
28
0f
00
04
01
20
28
30
19
00
00
04
00
04
00
04
00
04
00
04
00
04
00
04
00
04
00
04
00
04
00
04
00
04
00
04
00
04
00
04
00
04
00
04
00
04
00
04
00
04
00
04
00
04
00
04
00
04
00
04
00
04
00
04
00
04
00
04
00
04
00
04
00
04
00
04
00
04
00
04
00
04
00
04
00
04
00
04
00
04
00
04
00
04
00
04
00
04
00
04
00
04
00
04
00
04
00
04
00
04
00
04
00
04
00
04
00
04
00
04
00
04
00
04
00
04
00
04
00
04
00
04
04
00
28
0f
00
80
05
68
01
28
30
18
00
05
00
28
0f
00
80
06
69
01
28
30
18
00
06
00
28
0f
00
07
01
20
28
30
19
00
00
07
00
07
00
07
00
07
00
07
00
07
00
07
00
07
00
07
00
07
00
07
00
07
00
07
00
07
00
07
00
07
00
07
00
07
00
07
00
07
00
07
00
07
00
07
00
07
00
07
00
07
00
07
00
07
00
07
00
07
00
07
00
07
00
07
00
07
00
07
00
07
00
07
00
07
00
07
00
07
00
07
00
07
00
07
00
07
00
07
00
07
00
07
00
07
00
07
00
07
00
07
07
00
28
0f
00
80
08
6a
01
28
30
18
00
08
00
28
0f
00
09
01
20
28
30
19
00
00
09
00
09
00
09
00
09
00
09
00
09
00
09
00
09
00
09
00
09
00
09
00
09
00
09
00
09
00
09
00
09
00
09
00
09
00
09
00
09
00
09
00
09
00
09
00
09
00
09
00
09
00
09
00
09
00
09
00
09
00
09
00
09
00
09
00
09
00
09
00
09
00
09
00
09
00
09
00
09
00
09
00
09
00
09
00
09
00
09
00
09
00
09
00
09
00
09
00
09
00
09
00
09
00
09
00
09
00
09
09
00
28
0f
00
80
0a
6b
01
28
30
18
00
0a
00
28
0f
00
80
0b
6c
01
28
30
18
00
0b
00
28
0f
00
0c
01
20
28
30
19
00
00
0c
00
0c
00
0c
00
0c
00
0c
00
0c
00
0c
00
0c
00
0c
00
0c
00
0c
00
0c
00
0c
00
0c
00
0c
00
0c
00
0c
00
0c
0c
00
28
0f
00
80
0d
6d
01
28
30
18
00
0d
00
28
0f
00
0e
01
20
28
30
19
00
00
0e
00
0e
00
0e
00
0e
00
0e
00
0e
00
0e
00
0e
00
0e
00
0e
00
0e
00
0e
00
0e
00
0e
00
0e
00
0e
00
0e
00
0e
00
0e
00
0e
00
0e
00
0e
00
0e
00
0e
00
0e
00
0e
00
0e
00
0e
00
0e
00
0e
00
0e
00
0e
00
0e
00
0e
00
0e
00
0e
00
0e
00
0e
00
0e
00
0e
00
0e
00
0e
00
0e
00
0e
00
0e
00
0e
00
0e
00
0e
00
0e
00
0e
00
0e
00
0e
00
0e
00
0e
0e
00
28
0f
00
0f
01
20
28
30
19
00
00
0f
00
0f
00
0f
00
0f
00
0f
00
0f
00
0f
00
0f
00
0f
00
0f
00
0f
00
0f
00
0f
00
0f
00
0f
00
0f
00
0f
00
0f
00
0f
00
0f
00
0f
00
0f
00
0f
00
0f
00
0f
00
0f
00
0f
00
0f
00
0f
00
0f
00
0f
00
0f
00
0f
00
0f
00
0f
00
0f
00
0f
00
0f
00
0f
00
0f
00
0f
00
0f
00
0f
00
0f
00
0f
00
0f
00
0f
00
0f
00
0f
00
0f
00
0f
00
0f
00
0f
00
0f
00
0f
00
0f
00
0f
00
0f
00
0f
00
0f
0f
00
28
0f
00
10
01
20
28
30
19
00
00
10
00
10
00
10
00
10
00
10
00
10
00
10
00
10
00
10
00
10
00
10
00
10
00
10
00
10
00
10
00
10
00
10
00
10
00
10
00
10
00
10
00
10
00
10
00
10
00
10
00
10
00
10
00
10
00
10
00
10
00
10
00
10
00
10
00
10
00
10
00
10
00
10
00
10
00
10
00
10
00
10
00
10
00
10
00
10
00
10
00
10
00
10
00
10
00
10
00
10
00
10
00
10
00
10
00
10
10
00
28
0f
00
11
01
20
28
30
19
00
00
11
00
11
00
11
00
11
00
11
00
11
00
11
00
11
00
11
00
11
00
11
00
11
00
11
00
11
00
11
00
11
00
11
00
11
00
11
00
11
00
11
00
11
00
11
00
11
00
11
00
11
00
11
00
11
00
11
00
11
00
11
00
11
00
11
00
11
00
11
00
11
00
11
00
11
00
11
00
11
00
11
00
11
00
11
00
11
00
11
00
11
00
11
00
11
00
11
00
11
00
11
00
11
00
11
00
11
00
11
00
11
00
11
00
11
11
00
28
0f
00
80
12
6e
01
28
30
18
00
12
00
28
0f
00
80
13
6f
01
28
30
18
00
13
00
28
0f
00
80
14
70
01
28
30
18
00
14
00
28
0f
00
80
15
71
01
28
30
18
00
15
00
28
0f
00
80
16
72
01
28
30
18
00
16
00
28
0f
00
80
17
73
01
28
30
18
00
17
00
28
0f
00
80
18
74
01
28
30
18
00
18
00
28
0f
00
80
19
75
01
28
30
18
00
19
00
28
0f
00
80
1a
76
01
28
30
18
00
1a
00
28
0f
00
80
1b
77
01
28
30
18
00
1b
00
28
0f
00
80
1c
78
01
28
30
18
00
1c
00
28
0f
00
80
1d
79
01
28
30
18
00
1d
00
28
0f
00
80
1e
7a
01
28
30
18
00
1e
00
28
0f
00
e8
1f
1f
1f
00
00
ff
00
00
f0
10
00
10
e8
00
00
00
00
00
ff
00
f0
00
e8
00
00
00
00
ff
00
f0
00
e8
00
00
00
00
ff
00
f0
00
e8
00
00
00
00
ff
00
f0
00
bf
00
00
00
00
e8
00
00
00
00
ff
00
f0
bf
00
00
e8
00
00
00
00
ff
00
f0
bf
00
00
e8
00
00
00
00
ff
00
f0
00
bf
00
00
00
00
e8
00
00
00
00
ff
00
f0
00
bf
00
00
00
e8
00
00
00
00
ff
00
f0
00
bf
00
00
e8
00
00
00
00
ff
00
f0
00
bf
00
00
e8
00
00
00
00
ff
00
f0
00
bf
00
00
00
e8
00
00
00
00
ff
00
f0
00
bf
00
00
00
e8
00
00
00
00
ff
00
f0
00
bf
00
00
00
e8
00
00
00
00
ff
00
f0
bf
00
e8
00
00
00
00
ff
00
f0
bf
00
00
e8
00
00
00
00
ff
00
f0
00
00
00
17
00
00
00
10
00
bf
00
00
e8
00
00
00
00
ff
00
f0
00
00
00
17
00
00
00
10
00
bf
00
00
00
e8
00
00
00
00
ff
00
f0
00
00
00
00
12
00
00
11
00
10
00
00
00
10
00
bf
00
00
00
e8
00
00
00
00
ff
00
f0
bf
00
00
e8
00
00
00
00
ff
00
f0
00
bf
00
00
00
e8
00
00
00
00
ff
00
f0
bf
00
e8
00
00
00
00
ff
00
f0
00
bf
00
00
00
00
e8
00
00
00
00
ff
00
f0
bf
00
00
e8
00
00
00
00
ff
00
f0
00
00
00
11
18
bf
10
00
00
00
00
e8
00
00
00
00
ff
00
f0
00
00
11
18
bf
10
00
00
00
e8
00
00
00
00
ff
00
f0
00
00
00
11
18
bf
00
10
00
00
00
00
e8
00
00
00
00
ff
00
f0
00
00
11
18
bf
00
10
00
00
00
e8
00
00
00
00
ff
00
f0
00
00
00
11
18
bf
00
10
00
00
00
00
e8
00
00
00
00
ff
00
f0
00
00
11
18
bf
00
10
00
00
00
e8
00
00
00
00
ff
00
f0
00
00
00
00
10
e8
00
00
00
00
00
00
10
c0
00
00
38
00
00
30
00
28
00
20
00
00
38
38
40
fe
00
00
00
00
00
18
00
00
00
00
00
00
00
00
00
00
00
00
00
00
00
00
00
00
00
00
00
00
00
00
00
00
00
00
00
00
00
00
00
00
00
00
00
ff
00
30
00
00
00
00
00
00
00
00
00
00
00
00
00
00
00
00
00
00
00
00
00
00
00
00
38
38
00
00
00
ff
ff
00
38
00
00
00
ff
ff
00
00
00
00
30
00
00
28
00
20
00
00
38
38
40
fe
00
00
00
00
00
00
00
18
00
00
00
00
00
00
00
00
00
00
00
00
00
00
00
00
00
00
00
00
00
00
00
00
00
00
00
00
00
00
00
00
00
00
00
00
00
00
00
00
00
00
00
00
00
00
00
00
00
00
00
ff
00
30
00
00
00
00
00
00
00
00
00
00
00
00
00
00
00
00
00
00
00
00
00
00
00
00
00
00
00
00
00
00
00
00
38
38
00
00
00
00
ff
ff
ff
38
00
00
00
ff
ff
00
00
00
00
10
00
38
00
7a
fc
00
00
30
00
20
00
00
30
00
20
00
00
38
38
40
fe
18
00
00
00
00
00
00
00
00
00
00
00
00
00
00
00
00
00
00
00
00
00
ff
00
30
00
00
00
00
00
00
00
00
00
00
00
00
00
00
38
38
00
ff
ff
00
38
00
ff
ff
00
00
@1980
6f
77
20
74
69
0a
61
6e
6f
6f
73
63
6e
6f
77
69
66
73
74
61
69
6f
00
6c
73
64
61
73
74
6c
73
64
61
6f
0a
61
73
74
61
69
73
74
6e
25
69
65
77
67
61
25
00
65
63
3a
69
65
5f
73
74
6d
6c
00
6c
00
65
70
65
20
65
69
6e
20
69
6f
67
77
72
72
74
6e
20
69
6f
67
77
72
6c
0a
6e
20
69
6f
67
67
66
20
6e
6e
20
69
6f
67
66
72
64
0a
4e
45
48
49
00
6c
72
68
0a
52
3a
4c
4c
20
54
52
55
57
20
49
54
52
45
4c
0a
6c
72
68
00
6e
20
0a
75
72
74
31
2f
2f
30
2f
30
2f
30
@1a1a
03
03
00
00
03
03
@1a22
03
@1a25
00
00
@1a29
00
00
@1a2d
00
00
03
00
00
03
03
00
00
00
00
00
@1a3b
00
00
@1a3f
00
00
00
00
00
00
00
03
00
00
00
03
03
@1a4e
03
03
@1a5a
03
03
@1a5e
03
00
00
00
03
00
00
00
00
@1a69
00
00
@1a6d
00
00
03
00
00
03
00
00
00
03
00
00
00
00
00
00
00
00
00
00
00
00
00
00
00
03
00
00
00
03
03
@1a8e
03
03
@1a9a
03
03
@1a9e
03
00
00
00
00
00
00
00
00
00
00
00
00
00
00
00
03
00
00
00
03
03
@1ab6
03
03
00
00
00
00
00
00
00
00
00
00
00
00
00
00
03
03
00
00
03
03
@1ace
03
03
@1adb
00
@1ade
01
02
@1ae2
00
00
02
01
02
02
01
00
02
01
@1aee
06
06
@1af2
06
06
00
00
06
01
02
00
02
06
00
01
02
02
00
00
00
00
02
00
02
01
00
00
00
00
@1b0e
00
02
@1b15
01
00
00
00
00
02
02
00
00
00
01
06
02
00
00
00
02
02
02
01
00
06
02
02
02
06
01
02
01
06
06
00
00
06
06
02
00
06
00
00
02
02
06
00
00
00
06
01
06
02
02
00
00
02
01
02
02
00
02
02
00
@1b54
00
00
00
00
00
00
00
08
00
00
00
09
00
09
08
09
00
09
03
03
00
03
03
01
09
09
08
08
09
08
09
09
01
09
03
09
01
09
01
09
09
08
08
08
08
00
09
08
08
00
08
09
00
00
08
08
@1b8e
00
08
00
@1b96
05
05
@1b9a
07
07
00
00
04
04
00
00
04
04
04
04
05
05
04
04
05
04
05
07
04
04
07
07
04
07
01
07
04
04
07
04
05
04
05
04
04
05
04
00
04
04
04
00
04
04
00
00
01
01
@1bce
05
05
@1bd5
08
08
08
08
09
09
09
09
08
08
08
01
09
03
03
01
08
08
08
08
09
08
01
08
08
01
08
08
09
08
08
08
08
08
08
08
09
01
08
08
08
08
01
08
09
08
08
08
08
03
03
01
09
08
08
01
08
08
08
08
09
09
09
09
08
00
08
08
09
00
09
09
08
08
08
08
09
09
03
08
08
00
08
00
09
00
01
08
08
01
08
08
09
08
08
08
08
08
08
08
09
01
08
08
00
08
01
08
09
08
00
08
08
03
03
08
09
08
08
08
08
08
08
08
09
09
00
09
08
00
08
08
09
00
09
09
08
08
00
08
09
09
09
00
00
00
08
00
09
00
01
08
08
09
08
08
09
08
08
08
00
08
08
08
00
09
08
08
00
08
09
00
09
00
00
08
08
09
09
08
09
08
00
00
08
08
00
08
09
09
00
09
00
@1c98
09
00
00
00
08
00
00
09
08
00
00
08
09
00
00
08
08
00
00
09
09
00
09
08
08
00
08
08
08
00
08
08
09
00
09
08
03
00
08
08
01
00
09
08
01
09
08
09
01
09
08
03
01
08
08
09
03
08
08
08
08
00
@1cd8
09
00
@1cdc
08
00
@1ce0
08
00
00
08
00
00
00
08
08
00
00
09
09
00
00
08
08
00
00
00
08
00
00
08
09
00
09
08
03
00
08
08
08
00
00
08
08
00
00
09
08
09
00
03
08
08
08
09
03
08
08
08
08
09
@1d19
08
00
00
00
09
09
@1d21
08
08
00
00
08
09
00
00
08
08
09
00
08
08
08
00
01
08
08
00
08
08
09
00
09
08
08
00
03
08
09
09
03
08
08
09
03
03
09
08
03
01
08
08
09
03
08
08
08
08
08
08
09
@1d59
08
00
@1d5d
09
@1d61
08
00
00
00
00
00
00
00
08
08
@1d6d
08
08
@1d71
01
08
08
00
08
08
00
00
09
08
00
00
03
08
09
00
03
08
08
00
03
03
09
00
03
08
08
08
09
03
00
08
08
08
08
08
00
@1d99
00
@1d9d
03
00
@1da1
03
03
03
00
03
00
00
00
03
00
00
00
03
00
00
00
03
00
00
00
00
00
00
00
00
00
00
00
00
03
00
00
00
03
00
00
00
03
00
00
03
00
00
00
00
00
03
00
@1de1
03
03
00
03
00
03
00
00
00
03
00
00
00
03
00
00
00
03
00
00
00
03
00
03
00
03
00
00
00
00
00
00
00
00
00
00
00
00
00
00
00
00
00
00
03
00
00
03
@1e19
03
00
00
00
03
00
00
00
03
00
00
00
03
00
00
00
03
00
00
00
03
00
00
03
03
00
00
03
00
00
00
03
00
03
00
03
00
03
03
03
00
03
03
03
00
03
03
03
00
03
03
03
00
00
00
03
@1e61
00
00
00
03
00
00
00
00
00
00
00
00
03
00
00
00
03
00
00
00
03
00
00
03
03
00
00
00
03
00
00
00
03
03
00
00
03
03
00
00
03
03
00
00
03
00
00
03
@1e96
00
00
00
00
00
08
00
00
00
09
00
09
08
09
00
09
02
02
00
02
02
01
09
09
08
08
09
08
09
09
01
09
02
09
01
09
01
09
09
08
08
08
08
00
09
08
08
00
08
09
00
00
08
08
@1ece
00
08
00
@1ed8
00
00
00
00
00
00
@1ee6
00
00
00
