// Player ship
{
0, 0, 0, 0, 0, 0, 0, 8, 8, 0, 0, 0, 0, 0, 0, 0, 
0, 0, 0, 0, 0, 0, 8, 9, 9, 8, 0, 0, 0, 0, 0, 0, 
3, 0, 0, 0, 0, 0, 9, 3, 3, 9, 0, 0, 0, 0, 0, 3, 
3, 9, 0, 0, 0, 8, 9, 3, 3, 9, 8, 0, 0, 0, 9, 3, 
3, 9, 0, 0, 9, 3, 3, 1, 1, 3, 3, 9, 0, 0, 9, 3, 
1, 3, 9, 8, 3, 3, 1, 1, 1, 1, 3, 3, 8, 9, 3, 1, 
3, 9, 9, 3, 3, 8, 8, 8, 8, 8, 8, 3, 3, 9, 9, 3, 
9, 8, 1, 3, 8, 9, 9, 9, 9, 9, 9, 8, 3, 1, 8, 9, 
8, 9, 1, 3, 9, 3, 9, 9, 9, 9, 3, 9, 3, 1, 9, 8, 
0, 9, 9, 9, 8, 1, 9, 9, 9, 9, 1, 8, 9, 9, 9, 0, 
0, 8, 8, 9, 9, 8, 8, 9, 9, 8, 8, 9, 9, 8, 8, 0, 
0, 0, 8, 8, 8, 9, 8, 9, 9, 8, 9, 8, 8, 8, 0, 0, 
0, 0, 0, 0, 8, 8, 8, 9, 8, 9, 8, 8, 0, 0, 0, 0, 
0, 0, 0, 0, 0, 8, 9, 8, 9, 8, 8, 0, 0, 0, 0, 0, 
0, 0, 0, 0, 0, 0, 8, 9, 9, 8, 0, 0, 0, 0, 0, 0, 
0, 0, 0, 0, 0, 0, 0, 0, 0, 0, 0, 0, 0, 0, 0, 0
},

// Player 2 ship
{
0, 0, 0, 0, 0, 0, 0, 8, 8, 0, 0, 0, 0, 0, 0, 0, 
0, 0, 0, 0, 0, 0, 8, 9, 9, 8, 0, 0, 0, 0, 0, 0, 
2, 0, 0, 0, 0, 0, 9, 2, 2, 9, 0, 0, 0, 0, 0, 2, 
2, 9, 0, 0, 0, 8, 9, 2, 2, 9, 8, 0, 0, 0, 9, 2, 
2, 9, 0, 0, 9, 2, 2, 1, 1, 2, 2, 9, 0, 0, 9, 2, 
1, 2, 9, 8, 2, 2, 1, 1, 1, 1, 2, 2, 8, 9, 2, 1, 
2, 9, 9, 2, 2, 8, 8, 8, 8, 8, 8, 2, 2, 9, 9, 2, 
9, 8, 1, 2, 8, 9, 9, 9, 9, 9, 9, 8, 2, 1, 8, 9, 
8, 9, 1, 2, 9, 2, 9, 9, 9, 9, 2, 9, 2, 1, 9, 8, 
0, 9, 9, 9, 8, 1, 9, 9, 9, 9, 1, 8, 9, 9, 9, 0, 
0, 8, 8, 9, 9, 8, 8, 9, 9, 8, 8, 9, 9, 8, 8, 0, 
0, 0, 8, 8, 8, 9, 8, 9, 9, 8, 9, 8, 8, 8, 0, 0, 
0, 0, 0, 0, 8, 8, 8, 9, 8, 9, 8, 8, 0, 0, 0, 0, 
0, 0, 0, 0, 0, 8, 9, 8, 9, 8, 8, 0, 0, 0, 0, 0, 
0, 0, 0, 0, 0, 0, 8, 9, 9, 8, 0, 0, 0, 0, 0, 0, 
0, 0, 0, 0, 0, 0, 0, 0, 0, 0, 0, 0, 0, 0, 0, 0
},

// Alien A 1
{
0, 0, 0, 0, 0, 0, 0, 0, 0, 0, 0, 0, 0, 0, 0, 0, 
0, 0, 0, 0, 0, 0, 0, 0, 0, 0, 0, 0, 0, 0, 0, 0, 
0, 0, 0, 0, 0, 0, 0, 0, 0, 0, 0, 0, 0, 0, 0, 0, 
0, 0, 0, 0, 0, 0, 0, 0, 0, 0, 0, 0, 0, 0, 0, 0, 
0, 0, 0, 0, 0, 0, 0, 0, 0, 0, 0, 0, 0, 0, 0, 0, 
0, 0, 0, 0, 0, 0, 0, 0, 0, 0, 0, 0, 0, 0, 0, 0, 
0, 0, 0, 0, 0, 0, 0, 0, 0, 0, 0, 0, 0, 0, 0, 0, 
0, 0, 0, 0, 0, 0, 0, 0, 0, 0, 0, 0, 0, 0, 0, 0,
 
0, 0, 0, 4, 0, 5, 0, 0, 0, 0, 5, 0, 4, 0, 0, 0, 
0, 0, 4, 0, 0, 0, 5, 0, 0, 5, 0, 0, 0, 4, 0, 0, 
0, 4, 0, 5, 4, 4, 0, 4, 4, 0, 4, 4, 5, 0, 4, 0, 
4, 0, 5, 0, 4, 5, 0, 5, 5, 0, 5, 4, 0, 5, 0, 4, 
4, 0, 5, 0, 4, 5, 5, 5, 5, 5, 5, 4, 0, 5, 0, 4, 
0, 4, 0, 5, 4, 4, 4, 0, 0, 4, 4, 4, 5, 0, 4, 0, 
0, 0, 4, 0, 0, 0, 0, 0, 0, 0, 0, 0, 0, 4, 0, 0, 
0, 0, 0, 4, 0, 0, 0, 0, 0, 0, 0, 0, 4, 0, 0, 0
},
//Alien A2
{
0, 0, 0, 0, 0, 0, 0, 0, 0, 0, 0, 0, 0, 0, 0, 0, 
0, 0, 0, 0, 0, 0, 0, 0, 0, 0, 0, 0, 0, 0, 0, 0, 
0, 0, 0, 0, 0, 0, 0, 0, 0, 0, 0, 0, 0, 0, 0, 0, 
0, 0, 0, 0, 0, 0, 0, 0, 0, 0, 0, 0, 0, 0, 0, 0, 
0, 0, 0, 0, 0, 0, 0, 0, 0, 0, 0, 0, 0, 0, 0, 0, 
0, 0, 0, 0, 0, 0, 0, 0, 0, 0, 0, 0, 0, 0, 0, 0, 
0, 0, 0, 0, 0, 0, 0, 0, 0, 0, 0, 0, 0, 0, 0, 0, 
0, 0, 0, 0, 0, 0, 0, 0, 0, 0, 0, 0, 0, 0, 0, 0,
 
4, 0, 0, 0, 0, 4, 0, 0, 0, 0, 4, 0, 0, 0, 0, 4, 
0, 4, 0, 0, 0, 5, 4, 0, 0, 4, 5, 0, 0, 0, 4, 0, 
5, 0, 4, 0, 4, 4, 5, 4, 4, 5, 4, 4, 0, 4, 0, 5, 
0, 5, 0, 4, 4, 5, 1, 5, 5, 1, 5, 4, 4, 0, 5, 0, 
0, 5, 0, 4, 4, 5, 5, 5, 5, 5, 5, 4, 4, 0, 5, 0, 
5, 0, 4, 0, 4, 4, 4, 0, 0, 4, 4, 4, 0, 4, 0, 5, 
0, 4, 0, 0, 0, 0, 0, 0, 0, 0, 0, 0, 0, 0, 4, 0, 
4, 0, 0, 0, 0, 0, 0, 0, 0, 0, 0, 0, 0, 0, 0, 4
}
// Alien B1
{
0, 0, 0, 0, 0, 0, 0, 0, 0, 0, 0, 0, 0, 0, 0, 0, 
0, 0, 0, 0, 0, 0, 0, 0, 0, 0, 0, 0, 0, 0, 0, 0, 
0, 0, 0, 0, 0, 0, 0, 0, 0, 0, 0, 0, 0, 0, 0, 0, 
0, 0, 0, 0, 0, 0, 0, 0, 0, 0, 0, 0, 0, 0, 0, 0, 
0, 0, 0, 0, 0, 0, 0, 0, 0, 0, 0, 0, 0, 0, 0, 0, 
0, 0, 0, 0, 0, 0, 0, 0, 0, 0, 0, 0, 0, 0, 0, 0, 
0, 0, 0, 0, 0, 0, 0, 0, 0, 0, 0, 0, 0, 0, 0, 0, 
0, 0, 0, 0, 0, 0, 0, 0, 0, 0, 0, 0, 0, 0, 0, 0,
 
0, 4, 4, 5, 5, 5, 5, 0, 0, 5, 5, 5, 5, 4, 4, 0, 
4, 0, 0, 5, 4, 4, 5, 5, 5, 5, 4, 4, 5, 0, 0, 4, 
0, 0, 4, 5, 5, 0, 4, 5, 5, 4, 0, 5, 5, 4, 0, 0, 
0, 4, 0, 0, 5, 5, 5, 5, 5, 5, 5, 5, 0, 0, 4, 0, 
4, 0, 0, 0, 0, 4, 4, 0, 0, 4, 4, 0, 0, 0, 0, 4, 
0, 0, 0, 0, 4, 0, 0, 0, 0, 0, 0, 4, 0, 0, 0, 0, 
0, 0, 0, 0, 0, 4, 0, 0, 0, 0, 4, 0, 0, 0, 0, 0, 
0, 0, 0, 0, 0, 0, 0, 0, 0, 0, 0, 0, 0, 0, 0, 0
},

// Alien B2
{
0, 0, 0, 0, 0, 0, 0, 0, 0, 0, 0, 0, 0, 0, 0, 0, 
0, 0, 0, 0, 0, 0, 0, 0, 0, 0, 0, 0, 0, 0, 0, 0, 
0, 0, 0, 0, 0, 0, 0, 0, 0, 0, 0, 0, 0, 0, 0, 0, 
0, 0, 0, 0, 0, 0, 0, 0, 0, 0, 0, 0, 0, 0, 0, 0, 
0, 0, 0, 0, 0, 0, 0, 0, 0, 0, 0, 0, 0, 0, 0, 0, 
0, 0, 0, 0, 0, 0, 0, 0, 0, 0, 0, 0, 0, 0, 0, 0, 
0, 0, 0, 0, 0, 0, 0, 0, 0, 0, 0, 0, 0, 0, 0, 0, 
0, 0, 0, 0, 0, 0, 0, 0, 0, 0, 0, 0, 0, 0, 0, 0,
 
4, 0, 4, 5, 5, 5, 5, 0, 0, 5, 5, 5, 5, 4, 0, 4, 
0, 4, 0, 5, 4, 4, 5, 5, 5, 5, 4, 4, 5, 0, 4, 0, 
4, 0, 4, 5, 5, 1, 4, 5, 5, 4, 1, 5, 5, 4, 0, 4, 
0, 4, 0, 0, 5, 5, 5, 5, 5, 5, 5, 5, 0, 0, 4, 0, 
0, 0, 0, 0, 0, 0, 4, 0, 0, 4, 0, 0, 0, 0, 0, 0, 
0, 0, 0, 0, 0, 4, 4, 0, 0, 4, 4, 0, 0, 0, 0, 0, 
0, 0, 0, 0, 0, 4, 0, 0, 0, 0, 4, 0, 0, 0, 0, 0, 
0, 0, 0, 0, 0, 0, 4, 0, 0, 4, 0, 0, 0, 0, 0, 0
}

// Special alien
{
0, 0, 0, 0, 0, 5, 5, 5, 5, 5, 5, 0, 0, 0, 0, 0, 
0, 0, 0, 0, 1, 7, 1, 7, 1, 7, 1, 7, 0, 0, 0, 0, 
0, 0, 0, 4, 4, 4, 4, 4, 4, 4, 4, 4, 4, 0, 0, 0, 
0, 0, 4, 4, 5, 4, 5, 4, 5, 4, 5, 4, 4, 4, 0, 0, 
0, 4, 4, 5, 4, 5, 4, 5, 5, 5, 4, 5, 5, 4, 4, 0, 
5, 4, 5, 4, 5, 5, 4, 4, 4, 4, 5, 4, 4, 5, 4, 5, 
4, 7, 7, 7, 7, 4, 4, 7, 7, 4, 4, 7, 7, 7, 7, 4, 
1, 7, 1, 7, 1, 4, 7, 1, 1, 7, 4, 1, 7, 1, 7, 1, 
4, 7, 7, 7, 7, 4, 4, 7, 7, 4, 4, 7, 7, 7, 7, 4, 
5, 4, 5, 4, 4, 5, 4, 4, 4, 4, 5, 4, 4, 5, 4, 5, 
0, 4, 4, 5, 5, 4, 5, 5, 4, 5, 4, 5, 5, 4, 4, 0, 
0, 0, 4, 4, 4, 4, 5, 4, 5, 4, 4, 4, 4, 4, 0, 0, 
0, 0, 0, 4, 4, 4, 4, 4, 4, 4, 4, 4, 4, 0, 0, 0, 
0, 0, 0, 0, 7, 1, 7, 1, 7, 1, 7, 1, 0, 0, 0, 0, 
0, 0, 0, 0, 0, 5, 5, 5, 5, 5, 5, 0, 0, 0, 0, 0, 
0, 0, 0, 0, 0, 0, 0, 0, 0, 0, 0, 0, 0, 0, 0, 0
},

// "Score" pt 1
,
{
0, 0, 0, 0, 0, 0, 0, 0, 0, 0, 0, 0, 0, 0, 0, 0, 
0, 0, 3, 3, 0, 0, 0, 0, 0, 0, 0, 0, 0, 0, 0, 0, 
0, 3, 0, 0, 3, 0, 0, 0, 0, 0, 0, 0, 0, 0, 0, 0, 
3, 3, 0, 0, 0, 3, 0, 0, 0, 3, 3, 0, 0, 0, 0, 3, 
3, 3, 0, 0, 0, 0, 0, 0, 3, 0, 0, 3, 0, 0, 3, 3, 
3, 3, 0, 0, 0, 0, 0, 3, 3, 0, 0, 0, 3, 0, 3, 3, 
3, 3, 0, 0, 0, 0, 0, 3, 3, 0, 0, 0, 0, 0, 3, 3, 
0, 3, 0, 0, 0, 0, 0, 3, 3, 0, 0, 0, 0, 0, 3, 3, 
0, 0, 3, 3, 0, 0, 0, 3, 3, 0, 0, 0, 0, 0, 3, 3, 
0, 0, 0, 0, 3, 0, 0, 3, 3, 0, 0, 0, 0, 0, 3, 3, 
0, 0, 0, 0, 0, 3, 0, 3, 3, 0, 0, 0, 0, 0, 3, 3, 
0, 0, 0, 0, 0, 3, 0, 3, 3, 0, 0, 0, 0, 0, 3, 3, 
3, 0, 0, 0, 0, 3, 0, 3, 3, 0, 0, 0, 3, 0, 3, 3, 
0, 3, 0, 0, 3, 0, 0, 0, 3, 0, 0, 3, 0, 0, 3, 3, 
0, 0, 3, 3, 0, 0, 0, 0, 0, 3, 3, 0, 0, 0, 0, 3, 
0, 0, 0, 0, 0, 0, 0, 0, 0, 0, 0, 0, 0, 0, 0, 0
},

// "Score" pt 2
{
0, 0, 0, 0, 0, 0, 0, 0, 0, 0, 0, 0, 0, 0, 0, 0, 
0, 0, 0, 0, 0, 0, 0, 0, 0, 0, 0, 0, 0, 0, 0, 0, 
0, 0, 0, 0, 0, 0, 0, 0, 0, 0, 0, 0, 0, 0, 0, 0, 
3, 3, 0, 0, 3, 3, 3, 0, 0, 0, 3, 3, 3, 3, 3, 0, 
0, 0, 3, 0, 3, 3, 0, 3, 0, 0, 3, 3, 0, 0, 0, 0, 
0, 0, 3, 0, 3, 3, 0, 0, 3, 0, 3, 3, 0, 0, 0, 0, 
0, 0, 3, 0, 3, 3, 0, 0, 3, 0, 3, 3, 0, 0, 0, 0, 
0, 0, 3, 0, 3, 3, 0, 0, 3, 0, 3, 3, 0, 0, 0, 0, 
0, 0, 3, 0, 3, 3, 0, 3, 0, 0, 3, 3, 3, 3, 3, 0, 
0, 0, 3, 0, 3, 3, 3, 0, 0, 0, 3, 3, 0, 0, 0, 0, 
0, 0, 3, 0, 3, 0, 3, 0, 0, 0, 3, 3, 0, 0, 0, 0, 
0, 0, 3, 0, 3, 0, 0, 3, 0, 0, 3, 3, 0, 0, 0, 0, 
0, 0, 3, 0, 3, 0, 0, 3, 0, 0, 3, 3, 0, 0, 0, 0, 
0, 0, 3, 0, 3, 0, 0, 0, 3, 0, 3, 3, 0, 0, 0, 0, 
3, 3, 0, 0, 3, 0, 0, 0, 3, 0, 3, 3, 3, 3, 3, 0, 
0, 0, 0, 0, 0, 0, 0, 0, 0, 0, 0, 0, 0, 0, 0, 0
},


// "Wave" pt1
{
0, 0, 0, 0, 0, 0, 0, 0, 0, 0, 0, 0, 0, 0, 0, 0, 
0, 3, 0, 0, 0, 0, 0, 0, 0, 0, 0, 3, 0, 0, 0, 0, 
0, 3, 3, 0, 0, 0, 0, 0, 0, 0, 0, 3, 0, 0, 0, 0, 
0, 3, 3, 0, 0, 0, 0, 0, 0, 0, 0, 3, 0, 0, 0, 3, 
0, 3, 3, 0, 0, 0, 0, 0, 0, 0, 0, 3, 0, 0, 3, 3, 
0, 3, 3, 0, 0, 0, 0, 0, 0, 0, 0, 3, 0, 0, 3, 0, 
0, 3, 3, 0, 0, 0, 0, 0, 0, 0, 0, 3, 0, 3, 0, 0, 
0, 3, 3, 3, 0, 0, 0, 0, 0, 0, 3, 3, 0, 3, 0, 0, 
0, 0, 3, 3, 0, 0, 3, 0, 0, 0, 3, 0, 0, 3, 0, 0, 
0, 0, 3, 3, 0, 3, 0, 3, 0, 0, 3, 0, 0, 3, 3, 3, 
0, 0, 3, 3, 0, 3, 0, 3, 0, 3, 3, 0, 0, 3, 3, 3, 
0, 0, 3, 3, 0, 3, 0, 3, 0, 3, 0, 0, 0, 3, 0, 0, 
0, 0, 0, 3, 0, 3, 0, 3, 0, 3, 0, 0, 0, 3, 0, 0, 
0, 0, 0, 3, 3, 3, 0, 3, 3, 3, 0, 0, 0, 3, 0, 0, 
0, 0, 0, 0, 3, 0, 0, 0, 3, 0, 0, 0, 0, 3, 0, 0, 
0, 0, 0, 0, 0, 0, 0, 0, 0, 0, 0, 0, 0, 0, 0, 0
},

// "Wave" pt2
{
0, 0, 0, 0, 0, 0, 0, 0, 0, 0, 0, 0, 0, 0, 0, 0, 
0, 0, 0, 0, 0, 0, 0, 0, 0, 0, 0, 0, 0, 0, 0, 0, 
0, 0, 0, 0, 0, 0, 0, 0, 0, 0, 0, 0, 0, 0, 0, 0, 
0, 0, 0, 3, 0, 0, 0, 0, 3, 0, 3, 3, 3, 3, 3, 0, 
3, 0, 0, 3, 3, 0, 0, 0, 3, 0, 3, 3, 0, 0, 0, 0, 
3, 0, 0, 3, 3, 0, 0, 0, 3, 0, 3, 3, 0, 0, 0, 0, 
0, 3, 0, 3, 3, 0, 0, 0, 3, 0, 3, 3, 0, 0, 0, 0, 
0, 3, 0, 3, 3, 0, 0, 0, 3, 0, 3, 3, 0, 0, 0, 0, 
0, 3, 0, 3, 3, 0, 0, 0, 3, 0, 3, 3, 3, 3, 3, 0, 
3, 3, 0, 3, 3, 0, 0, 0, 3, 0, 3, 3, 0, 0, 0, 0, 
3, 3, 0, 3, 3, 0, 0, 0, 3, 0, 3, 3, 0, 0, 0, 0, 
0, 3, 0, 0, 3, 3, 0, 3, 3, 0, 3, 3, 0, 0, 0, 0, 
0, 3, 0, 0, 0, 3, 0, 3, 0, 0, 3, 3, 0, 0, 0, 0, 
0, 3, 0, 0, 0, 3, 3, 3, 0, 0, 3, 3, 0, 0, 0, 0, 
0, 3, 0, 0, 0, 0, 3, 0, 0, 0, 3, 3, 3, 3, 3, 0, 
0, 0, 0, 0, 0, 0, 0, 0, 0, 0, 0, 0, 0, 0, 0, 0
},

// Bullet
{
0, 0, 0, 0, 0, 0, 0, 3, 0, 0, 0, 0, 0, 0, 0, 0, 
0, 0, 0, 0, 0, 0, 0, 3, 0, 0, 0, 0, 0, 0, 0, 0, 
0, 0, 0, 0, 0, 0, 0, 3, 1, 0, 0, 0, 0, 0, 0, 0, 
0, 0, 0, 0, 0, 0, 0, 1, 3, 0, 0, 0, 0, 0, 0, 0, 
0, 0, 0, 0, 0, 0, 3, 1, 3, 0, 0, 0, 0, 0, 0, 0, 
0, 0, 0, 0, 0, 0, 3, 1, 0, 0, 0, 0, 0, 0, 0, 0, 
0, 0, 0, 0, 0, 0, 0, 3, 1, 0, 0, 0, 0, 0, 0, 0, 
0, 0, 0, 0, 0, 0, 0, 3, 0, 0, 0, 0, 0, 0, 0, 0, 
0, 0, 0, 0, 0, 0, 0, 3, 0, 0, 0, 0, 0, 0, 0, 0, 
0, 0, 0, 0, 0, 0, 0, 3, 0, 0, 0, 0, 0, 0, 0, 0, 
0, 0, 0, 0, 0, 0, 0, 3, 0, 0, 0, 0, 0, 0, 0, 0, 
0, 0, 0, 0, 0, 0, 0, 3, 0, 0, 0, 0, 0, 0, 0, 0, 
0, 0, 0, 0, 0, 0, 0, 0, 0, 0, 0, 0, 0, 0, 0, 0, 
0, 0, 0, 0, 0, 0, 0, 0, 0, 0, 0, 0, 0, 0, 0, 0, 
0, 0, 0, 0, 0, 0, 0, 0, 0, 0, 0, 0, 0, 0, 0, 0, 
0, 0, 0, 0, 0, 0, 0, 0, 0, 0, 0, 0, 0, 0, 0, 0
}

// Bunker middle 1 (undamaged)
{
9, 8, 9, 8, 9, 8, 9, 8, 9, 8, 9, 8, 9, 8, 9, 8, 
8, 9, 8, 9, 8, 9, 8, 9, 8, 9, 8, 9, 8, 9, 8, 9, 
9, 8, 1, 1, 8, 8, 8, 8, 8, 8, 8, 8, 1, 1, 9, 8, 
8, 9, 1, 1, 3, 3, 3, 3, 3, 3, 3, 3, 1, 1, 8, 9, 
9, 8, 8, 3, 3, 8, 8, 8, 8, 8, 8, 3, 3, 8, 9, 8, 
8, 9, 8, 3, 8, 8, 1, 8, 8, 1, 8, 8, 3, 8, 8, 9, 
9, 8, 8, 3, 8, 1, 8, 8, 8, 8, 1, 8, 3, 8, 9, 8, 
8, 9, 8, 3, 8, 8, 8, 9, 9, 8, 8, 8, 3, 8, 8, 9, 
9, 8, 8, 3, 8, 8, 8, 9, 9, 8, 8, 8, 3, 8, 9, 8, 
8, 9, 8, 3, 8, 1, 8, 8, 8, 8, 1, 8, 3, 8, 8, 9, 
9, 8, 8, 3, 8, 8, 1, 8, 8, 1, 8, 8, 3, 8, 9, 8, 
8, 9, 8, 3, 3, 8, 8, 8, 8, 8, 8, 3, 3, 8, 8, 9, 
9, 8, 1, 1, 3, 3, 3, 3, 3, 3, 3, 3, 1, 1, 9, 8, 
8, 9, 1, 1, 8, 8, 8, 8, 8, 8, 8, 8, 1, 1, 8, 9, 
9, 8, 9, 8, 9, 8, 9, 8, 9, 8, 9, 8, 9, 8, 9, 8, 
8, 9, 8, 9, 8, 9, 8, 9, 8, 9, 8, 9, 8, 9, 8, 9
},

// Bunker middle (UNUSED!!!)
{
9, 8, 9, 8, 9, 8, 9, 8, 9, 8, 9, 8, 9, 8, 9, 8, 
8, 9, 8, 9, 8, 9, 8, 9, 8, 9, 8, 9, 8, 9, 8, 9, 
9, 8, 8, 8, 8, 8, 8, 8, 8, 8, 8, 8, 8, 8, 9, 8, 
8, 9, 8, 8, 3, 3, 3, 3, 3, 3, 3, 3, 8, 8, 8, 9, 
9, 8, 8, 3, 3, 8, 8, 8, 8, 8, 8, 3, 3, 8, 9, 8, 
8, 9, 8, 3, 8, 8, 9, 8, 8, 9, 8, 8, 3, 8, 8, 9, 
9, 8, 8, 3, 8, 9, 8, 8, 8, 8, 9, 8, 3, 8, 9, 8, 
8, 9, 8, 3, 8, 8, 8, 9, 9, 8, 8, 8, 3, 8, 8, 9, 
9, 8, 8, 3, 8, 8, 8, 9, 9, 8, 8, 8, 3, 8, 9, 8, 
8, 9, 8, 3, 8, 9, 8, 8, 8, 8, 9, 8, 3, 8, 8, 9, 
9, 8, 8, 3, 8, 8, 9, 8, 8, 9, 8, 8, 3, 8, 9, 8, 
8, 9, 8, 3, 3, 8, 8, 8, 8, 8, 8, 3, 3, 8, 8, 9, 
9, 8, 8, 8, 3, 3, 3, 3, 3, 3, 3, 3, 8, 8, 9, 8, 
8, 9, 8, 8, 8, 8, 8, 8, 8, 8, 8, 8, 8, 8, 8, 9, 
9, 8, 9, 8, 9, 8, 9, 8, 9, 8, 9, 8, 9, 8, 9, 8, 
8, 9, 8, 9, 8, 9, 8, 9, 8, 9, 8, 9, 8, 9, 8, 9
},

// Bunker middle 2 (hit once)
{
9, 8, 9, 8, 9, 0, 9, 8, 9, 8, 9, 8, 9, 8, 9, 8, 
8, 9, 8, 9, 0, 0, 8, 9, 8, 9, 8, 9, 8, 9, 8, 9, 
9, 8, 8, 0, 0, 8, 8, 8, 8, 8, 8, 8, 8, 8, 9, 8, 
8, 9, 8, 8, 0, 9, 3, 3, 3, 3, 3, 9, 8, 8, 8, 0, 
9, 8, 8, 3, 9, 0, 8, 8, 8, 8, 8, 0, 9, 0, 0, 8, 
8, 9, 8, 3, 8, 0, 1, 8, 8, 1, 0, 8, 0, 8, 8, 0, 
9, 8, 8, 3, 8, 1, 8, 8, 8, 8, 1, 8, 3, 8, 0, 8, 
8, 9, 8, 3, 8, 8, 8, 9, 9, 8, 8, 8, 3, 8, 8, 9, 
9, 8, 8, 3, 8, 8, 8, 9, 9, 8, 8, 8, 3, 8, 9, 8, 
8, 9, 0, 9, 8, 1, 8, 8, 8, 8, 1, 8, 3, 8, 8, 9, 
9, 0, 8, 0, 8, 8, 1, 8, 8, 1, 8, 8, 3, 8, 9, 8, 
0, 9, 8, 9, 0, 8, 8, 8, 8, 0, 8, 3, 3, 8, 8, 9, 
9, 8, 8, 8, 3, 3, 3, 9, 0, 3, 3, 3, 8, 8, 9, 8, 
8, 9, 8, 8, 8, 8, 8, 0, 8, 8, 8, 8, 8, 8, 8, 9, 
9, 8, 9, 8, 9, 8, 9, 8, 0, 8, 0, 8, 9, 8, 9, 8, 
8, 9, 8, 9, 8, 9, 8, 9, 8, 0, 8, 9, 8, 9, 8, 9
},

// Bunker middle 3 (hit twice)
{
9, 8, 9, 8, 9, 0, 0, 0, 9, 8, 9, 8, 9, 8, 9, 8, 
8, 9, 8, 9, 0, 0, 0, 0, 0, 9, 8, 9, 8, 9, 8, 0, 
9, 8, 8, 0, 0, 8, 0, 0, 9, 0, 8, 8, 8, 8, 0, 0, 
0, 9, 8, 8, 0, 9, 3, 0, 0, 9, 3, 9, 0, 0, 0, 0, 
9, 0, 8, 3, 9, 0, 8, 8, 0, 8, 8, 0, 0, 0, 0, 8, 
8, 9, 0, 3, 8, 0, 1, 8, 8, 1, 8, 8, 0, 8, 8, 0, 
9, 8, 8, 3, 8, 9, 8, 8, 8, 8, 9, 0, 0, 8, 0, 0, 
0, 9, 8, 3, 8, 8, 8, 9, 9, 8, 0, 0, 0, 8, 8, 0, 
0, 0, 0, 9, 8, 8, 8, 9, 9, 8, 8, 8, 9, 8, 9, 8, 
0, 0, 0, 0, 0, 9, 8, 8, 8, 8, 1, 8, 3, 8, 8, 9, 
0, 0, 8, 0, 0, 8, 1, 8, 8, 9, 8, 8, 3, 0, 9, 0, 
0, 9, 8, 9, 0, 0, 8, 8, 8, 0, 8, 3, 0, 8, 0, 9, 
9, 8, 8, 8, 9, 9, 3, 9, 0, 9, 9, 3, 8, 8, 9, 8, 
8, 9, 8, 0, 8, 8, 8, 0, 0, 0, 0, 8, 8, 0, 8, 9, 
9, 8, 0, 8, 9, 8, 9, 8, 0, 0, 0, 0, 0, 8, 9, 8, 
8, 9, 8, 9, 8, 9, 8, 9, 8, 0, 0, 0, 8, 9, 8, 9
},

// Bunker left 1 (not hit)
{
0, 0, 0, 0, 0, 0, 0, 0, 0, 0, 0, 0, 0, 9, 9, 9, 
0, 0, 0, 0, 0, 0, 0, 0, 0, 0, 0, 9, 9, 8, 8, 8, 
0, 0, 0, 0, 0, 0, 0, 0, 0, 9, 9, 8, 8, 8, 9, 8, 
0, 0, 0, 0, 0, 0, 0, 0, 9, 8, 8, 8, 8, 9, 8, 9, 
0, 0, 0, 0, 0, 0, 0, 9, 8, 8, 9, 8, 9, 8, 8, 8, 
0, 0, 0, 0, 0, 0, 9, 8, 8, 9, 8, 9, 8, 9, 8, 8, 
0, 0, 0, 0, 0, 9, 8, 8, 9, 8, 8, 8, 8, 8, 8, 8, 
0, 0, 0, 0, 9, 8, 8, 9, 8, 8, 8, 8, 8, 8, 1, 8, 
0, 0, 0, 9, 8, 8, 9, 8, 9, 8, 8, 1, 8, 9, 8, 8, 
0, 0, 0, 9, 8, 9, 8, 8, 8, 8, 8, 8, 9, 3, 9, 8, 
0, 0, 9, 8, 8, 8, 9, 8, 8, 8, 8, 8, 3, 1, 3, 8, 
0, 0, 9, 8, 8, 9, 8, 8, 1, 8, 8, 8, 3, 1, 3, 8, 
0, 9, 8, 8, 9, 8, 9, 8, 8, 9, 3, 3, 9, 1, 3, 8, 
0, 9, 8, 9, 8, 8, 8, 8, 9, 3, 1, 1, 1, 1, 3, 8, 
9, 8, 8, 8, 9, 8, 8, 1, 8, 9, 3, 3, 3, 3, 9, 8, 
9, 8, 8, 9, 8, 8, 8, 8, 8, 8, 8, 8, 8, 8, 8, 8
},

// Bunker left 2 (hit once)
{
0, 0, 0, 0, 0, 0, 0, 0, 0, 0, 0, 0, 0, 9, 9, 9, 
0, 0, 0, 0, 0, 0, 0, 0, 0, 0, 0, 0, 9, 8, 8, 8, 
0, 0, 0, 0, 0, 0, 0, 0, 0, 0, 0, 0, 0, 8, 9, 8, 
0, 0, 0, 0, 0, 0, 0, 0, 9, 8, 0, 8, 0, 0, 8, 9, 
0, 0, 0, 0, 0, 0, 0, 9, 8, 8, 0, 0, 9, 8, 0, 8, 
0, 0, 0, 0, 0, 0, 0, 0, 0, 9, 8, 0, 0, 9, 8, 8, 
0, 0, 0, 0, 0, 0, 0, 0, 0, 8, 8, 8, 0, 8, 8, 8, 
0, 0, 0, 0, 0, 0, 8, 9, 0, 0, 8, 0, 8, 8, 1, 8, 
0, 0, 0, 9, 8, 0, 0, 8, 9, 8, 8, 1, 8, 9, 8, 8, 
0, 0, 0, 9, 8, 9, 0, 0, 8, 8, 8, 8, 9, 3, 9, 8, 
0, 0, 0, 0, 8, 8, 9, 8, 0, 8, 8, 8, 3, 8, 3, 8, 
0, 0, 0, 0, 0, 0, 8, 8, 1, 8, 8, 8, 3, 8, 3, 8, 
0, 0, 0, 0, 0, 0, 9, 8, 8, 9, 3, 3, 9, 8, 3, 8, 
0, 9, 8, 0, 8, 0, 8, 8, 9, 3, 8, 8, 8, 8, 3, 8, 
9, 8, 8, 0, 9, 8, 0, 1, 8, 9, 3, 3, 3, 3, 9, 8, 
9, 8, 8, 9, 0, 8, 8, 8, 8, 8, 8, 8, 8, 8, 8, 8
},

// Bunker right 1
{
9, 9, 9, 0, 0, 0, 0, 0, 0, 0, 0, 0, 0, 0, 0, 0, 
8, 8, 8, 9, 9, 0, 0, 0, 0, 0, 0, 0, 0, 0, 0, 0, 
8, 9, 8, 8, 8, 9, 9, 0, 0, 0, 0, 0, 0, 0, 0, 0, 
9, 8, 9, 8, 8, 8, 8, 9, 0, 0, 0, 0, 0, 0, 0, 0, 
8, 8, 8, 9, 8, 9, 8, 8, 9, 0, 0, 0, 0, 0, 0, 0, 
8, 8, 9, 8, 9, 8, 9, 8, 8, 9, 0, 0, 0, 0, 0, 0, 
8, 8, 8, 8, 8, 8, 8, 9, 8, 8, 9, 0, 0, 0, 0, 0, 
8, 1, 8, 8, 8, 8, 8, 8, 9, 8, 8, 9, 0, 0, 0, 0, 
8, 8, 9, 8, 1, 8, 8, 9, 8, 9, 8, 8, 9, 0, 0, 0, 
8, 9, 3, 9, 8, 8, 8, 8, 8, 8, 9, 8, 9, 0, 0, 0, 
8, 3, 1, 3, 8, 8, 8, 8, 8, 9, 8, 8, 8, 9, 0, 0, 
8, 3, 1, 3, 8, 8, 8, 1, 8, 8, 9, 8, 8, 9, 0, 0, 
8, 3, 1, 9, 3, 3, 9, 8, 8, 9, 8, 9, 8, 8, 9, 0, 
8, 3, 1, 1, 1, 1, 3, 9, 8, 8, 8, 8, 9, 8, 9, 0, 
8, 9, 3, 3, 3, 3, 9, 8, 1, 8, 8, 9, 8, 8, 8, 9, 
8, 8, 8, 8, 8, 8, 8, 8, 8, 8, 8, 8, 9, 8, 8, 9
},

// Bunker right 2 (Shot once)
{
9, 9, 9, 0, 0, 0, 0, 0, 0, 0, 0, 0, 0, 0, 0, 0, 
8, 8, 8, 9, 0, 0, 0, 0, 0, 0, 0, 0, 0, 0, 0, 0, 
8, 9, 8, 0, 0, 0, 0, 0, 0, 0, 0, 0, 0, 0, 0, 0, 
9, 8, 0, 0, 8, 0, 8, 9, 0, 0, 0, 0, 0, 0, 0, 0, 
8, 0, 8, 9, 0, 0, 8, 8, 9, 0, 0, 0, 0, 0, 0, 0, 
8, 8, 9, 0, 0, 8, 9, 0, 0, 0, 0, 0, 0, 0, 0, 0, 
8, 8, 8, 0, 8, 8, 8, 0, 0, 0, 0, 0, 0, 0, 0, 0, 
8, 1, 8, 8, 0, 8, 0, 0, 9, 8, 0, 0, 0, 0, 0, 0, 
8, 8, 9, 8, 1, 8, 8, 9, 8, 0, 0, 8, 9, 0, 0, 0, 
8, 9, 3, 9, 8, 8, 8, 8, 0, 0, 9, 8, 9, 0, 0, 0, 
8, 3, 8, 3, 8, 8, 8, 0, 8, 9, 8, 8, 0, 0, 0, 0, 
8, 3, 8, 3, 8, 8, 8, 1, 8, 8, 0, 0, 0, 0, 0, 0, 
8, 3, 8, 9, 3, 3, 9, 8, 8, 9, 0, 0, 0, 0, 0, 0, 
8, 3, 8, 8, 8, 8, 3, 9, 8, 8, 0, 8, 0, 8, 9, 0, 
8, 9, 3, 3, 3, 3, 9, 8, 1, 0, 8, 9, 0, 8, 8, 9, 
8, 8, 8, 8, 8, 8, 8, 8, 8, 8, 8, 0, 9, 8, 8, 9
}
};

// Digit 0
{
0, 0, 0, 0, 0, 0, 0, 0, 0, 0, 0, 0, 0, 0, 0, 0, 
0, 0, 0, 0, 0, 0, 3, 3, 3, 3, 0, 0, 0, 0, 0, 0, 
0, 0, 0, 0, 0, 3, 3, 0, 0, 3, 3, 0, 0, 0, 0, 0, 
0, 0, 0, 0, 3, 3, 0, 0, 0, 0, 3, 3, 0, 0, 0, 0, 
0, 0, 0, 3, 3, 0, 0, 0, 0, 0, 0, 3, 3, 0, 0, 0, 
0, 0, 0, 3, 3, 0, 0, 0, 0, 0, 0, 0, 3, 0, 0, 0, 
0, 0, 0, 3, 3, 0, 0, 0, 0, 0, 0, 0, 3, 0, 0, 0, 
0, 0, 0, 3, 3, 0, 0, 0, 0, 0, 0, 0, 3, 0, 0, 0, 
0, 0, 0, 3, 3, 0, 0, 0, 0, 0, 0, 0, 3, 0, 0, 0, 
0, 0, 0, 3, 3, 0, 0, 0, 0, 0, 0, 0, 3, 0, 0, 0, 
0, 0, 0, 3, 3, 0, 0, 0, 0, 0, 0, 0, 3, 0, 0, 0, 
0, 0, 0, 3, 3, 0, 0, 0, 0, 0, 0, 3, 3, 0, 0, 0, 
0, 0, 0, 0, 3, 3, 0, 0, 0, 0, 3, 3, 0, 0, 0, 0, 
0, 0, 0, 0, 0, 3, 3, 3, 3, 3, 3, 0, 0, 0, 0, 0, 
0, 0, 0, 0, 0, 0, 3, 3, 3, 3, 0, 0, 0, 0, 0, 0, 
0, 0, 0, 0, 0, 0, 0, 0, 0, 0, 0, 0, 0, 0, 0, 0
},

// Digit 1
{
0, 0, 0, 0, 0, 0, 0, 0, 0, 0, 0, 0, 0, 0, 0, 0, 
0, 0, 0, 0, 0, 0, 0, 3, 3, 0, 0, 0, 0, 0, 0, 0, 
0, 0, 0, 0, 0, 0, 3, 3, 3, 0, 0, 0, 0, 0, 0, 0, 
0, 0, 0, 0, 0, 3, 3, 3, 3, 0, 0, 0, 0, 0, 0, 0, 
0, 0, 0, 0, 0, 0, 0, 3, 3, 0, 0, 0, 0, 0, 0, 0, 
0, 0, 0, 0, 0, 0, 0, 3, 3, 0, 0, 0, 0, 0, 0, 0, 
0, 0, 0, 0, 0, 0, 0, 3, 3, 0, 0, 0, 0, 0, 0, 0, 
0, 0, 0, 0, 0, 0, 0, 3, 3, 0, 0, 0, 0, 0, 0, 0, 
0, 0, 0, 0, 0, 0, 0, 3, 3, 0, 0, 0, 0, 0, 0, 0, 
0, 0, 0, 0, 0, 0, 0, 3, 3, 0, 0, 0, 0, 0, 0, 0, 
0, 0, 0, 0, 0, 0, 0, 3, 3, 0, 0, 0, 0, 0, 0, 0, 
0, 0, 0, 0, 0, 0, 0, 3, 3, 0, 0, 0, 0, 0, 0, 0, 
0, 0, 0, 0, 0, 0, 0, 3, 3, 0, 0, 0, 0, 0, 0, 0, 
0, 0, 0, 0, 3, 3, 3, 3, 3, 3, 3, 3, 0, 0, 0, 0, 
0, 0, 0, 3, 3, 3, 3, 3, 3, 3, 3, 3, 3, 0, 0, 0, 
0, 0, 0, 0, 0, 0, 0, 0, 0, 0, 0, 0, 0, 0, 0, 0
},

// Digit 2
{
0, 0, 0, 0, 0, 0, 0, 0, 0, 0, 0, 0, 0, 0, 0, 0, 
0, 0, 0, 0, 0, 3, 3, 3, 3, 3, 0, 0, 0, 0, 0, 0, 
0, 0, 0, 0, 3, 3, 0, 0, 0, 3, 3, 0, 0, 0, 0, 0, 
0, 0, 0, 3, 3, 0, 0, 0, 0, 0, 3, 3, 0, 0, 0, 0, 
0, 0, 0, 3, 3, 0, 0, 0, 0, 0, 3, 3, 3, 0, 0, 0, 
0, 0, 0, 0, 0, 0, 0, 0, 0, 0, 3, 3, 3, 0, 0, 0, 
0, 0, 0, 0, 0, 0, 0, 0, 0, 0, 3, 3, 3, 0, 0, 0, 
0, 0, 0, 0, 0, 0, 0, 0, 0, 0, 3, 3, 0, 0, 0, 0, 
0, 0, 0, 0, 0, 0, 0, 0, 0, 3, 3, 0, 0, 0, 0, 0, 
0, 0, 0, 0, 0, 0, 0, 0, 3, 3, 0, 0, 0, 0, 0, 0, 
0, 0, 0, 0, 0, 0, 0, 3, 3, 0, 0, 0, 0, 0, 0, 0, 
0, 0, 0, 0, 0, 0, 3, 3, 0, 0, 0, 0, 0, 0, 0, 0, 
0, 0, 0, 0, 0, 3, 3, 0, 0, 0, 0, 0, 0, 0, 0, 0, 
0, 0, 0, 0, 3, 3, 3, 3, 3, 3, 3, 3, 0, 0, 0, 0, 
0, 0, 0, 3, 3, 3, 3, 3, 3, 3, 3, 3, 3, 0, 0, 0, 
0, 0, 0, 0, 0, 0, 0, 0, 0, 0, 0, 0, 0, 0, 0, 0
},

// Digit 3
{
0, 0, 0, 0, 0, 0, 0, 0, 0, 0, 0, 0, 0, 0, 0, 0, 
0, 0, 0, 0, 0, 3, 3, 3, 3, 3, 0, 0, 0, 0, 0, 0, 
0, 0, 0, 0, 3, 3, 0, 0, 0, 3, 3, 0, 0, 0, 0, 0, 
0, 0, 0, 3, 3, 0, 0, 0, 0, 0, 3, 3, 0, 0, 0, 0, 
0, 0, 0, 3, 3, 0, 0, 0, 0, 0, 3, 3, 3, 0, 0, 0, 
0, 0, 0, 0, 0, 0, 0, 0, 0, 0, 3, 3, 3, 0, 0, 0, 
0, 0, 0, 0, 0, 0, 0, 0, 0, 3, 3, 3, 0, 0, 0, 0, 
0, 0, 0, 0, 0, 0, 3, 3, 3, 3, 3, 3, 0, 0, 0, 0, 
0, 0, 0, 0, 0, 0, 0, 0, 0, 3, 3, 0, 0, 0, 0, 0, 
0, 0, 0, 0, 0, 0, 0, 0, 0, 0, 3, 3, 0, 0, 0, 0, 
0, 0, 0, 3, 3, 0, 0, 0, 0, 0, 3, 3, 3, 0, 0, 0, 
0, 0, 0, 3, 3, 0, 0, 0, 0, 0, 3, 3, 3, 0, 0, 0, 
0, 0, 0, 0, 3, 3, 0, 0, 0, 0, 3, 3, 3, 0, 0, 0, 
0, 0, 0, 0, 3, 3, 3, 3, 3, 3, 3, 3, 0, 0, 0, 0, 
0, 0, 0, 0, 0, 3, 3, 3, 3, 3, 3, 0, 0, 0, 0, 0, 
0, 0, 0, 0, 0, 0, 0, 0, 0, 0, 0, 0, 0, 0, 0, 0
},

// Digit 4
{
0, 0, 0, 0, 0, 0, 0, 0, 0, 0, 0, 0, 0, 0, 0, 0, 
0, 0, 0, 0, 0, 0, 0, 0, 0, 3, 3, 0, 0, 0, 0, 0, 
0, 0, 0, 0, 0, 0, 0, 0, 3, 3, 3, 0, 0, 0, 0, 0, 
0, 0, 0, 0, 0, 0, 0, 3, 3, 3, 3, 0, 0, 0, 0, 0, 
0, 0, 0, 0, 0, 0, 3, 3, 0, 3, 3, 0, 0, 0, 0, 0, 
0, 0, 0, 0, 0, 3, 3, 0, 0, 3, 3, 0, 0, 0, 0, 0, 
0, 0, 0, 0, 3, 3, 0, 0, 0, 3, 3, 0, 0, 0, 0, 0, 
0, 0, 0, 3, 3, 0, 0, 0, 0, 3, 3, 0, 0, 0, 0, 0, 
0, 0, 0, 3, 3, 3, 3, 3, 3, 3, 3, 3, 0, 0, 0, 0, 
0, 0, 0, 0, 3, 3, 3, 3, 3, 3, 3, 3, 3, 0, 0, 0, 
0, 0, 0, 0, 0, 0, 0, 0, 0, 3, 3, 0, 0, 0, 0, 0, 
0, 0, 0, 0, 0, 0, 0, 0, 0, 3, 3, 0, 0, 0, 0, 0, 
0, 0, 0, 0, 0, 0, 0, 0, 0, 3, 3, 0, 0, 0, 0, 0, 
0, 0, 0, 0, 0, 0, 0, 3, 3, 3, 3, 3, 0, 0, 0, 0, 
0, 0, 0, 0, 0, 0, 3, 3, 3, 3, 3, 3, 3, 0, 0, 0, 
0, 0, 0, 0, 0, 0, 0, 0, 0, 0, 0, 0, 0, 0, 0, 0
},

// Digit 5
{
0, 0, 0, 0, 0, 0, 0, 0, 0, 0, 0, 0, 0, 0, 0, 0, 
0, 0, 0, 0, 3, 3, 3, 3, 3, 3, 3, 3, 3, 0, 0, 0, 
0, 0, 0, 0, 3, 3, 3, 3, 3, 3, 3, 3, 0, 0, 0, 0, 
0, 0, 0, 0, 3, 3, 0, 0, 0, 0, 0, 0, 0, 0, 0, 0, 
0, 0, 0, 3, 3, 0, 0, 0, 0, 0, 0, 0, 0, 0, 0, 0, 
0, 0, 0, 3, 3, 0, 0, 0, 0, 0, 0, 0, 0, 0, 0, 0, 
0, 0, 0, 3, 3, 0, 0, 3, 3, 3, 3, 0, 0, 0, 0, 0, 
0, 0, 0, 3, 3, 3, 3, 3, 3, 3, 3, 3, 0, 0, 0, 0, 
0, 0, 0, 3, 3, 0, 0, 0, 0, 0, 3, 3, 3, 0, 0, 0, 
0, 0, 0, 0, 0, 0, 0, 0, 0, 0, 0, 3, 3, 0, 0, 0, 
0, 0, 0, 0, 0, 0, 0, 0, 0, 0, 0, 3, 3, 0, 0, 0, 
0, 0, 0, 3, 3, 0, 0, 0, 0, 0, 0, 3, 3, 0, 0, 0, 
0, 0, 0, 3, 3, 3, 0, 0, 0, 0, 0, 3, 3, 0, 0, 0, 
0, 0, 0, 0, 3, 3, 3, 3, 3, 3, 3, 3, 0, 0, 0, 0, 
0, 0, 0, 0, 0, 3, 3, 3, 3, 3, 3, 0, 0, 0, 0, 0, 
0, 0, 0, 0, 0, 0, 0, 0, 0, 0, 0, 0, 0, 0, 0, 0
},

// Digit 6
{
0, 0, 0, 0, 0, 0, 0, 0, 0, 0, 0, 0, 0, 0, 0, 0, 
0, 0, 0, 0, 0, 3, 3, 3, 3, 3, 3, 3, 0, 0, 0, 0, 
0, 0, 0, 0, 3, 3, 3, 0, 0, 0, 0, 3, 3, 0, 0, 0, 
0, 0, 0, 3, 3, 3, 0, 0, 0, 0, 0, 0, 3, 0, 0, 0, 
0, 0, 0, 3, 3, 0, 0, 0, 0, 0, 0, 0, 0, 0, 0, 0, 
0, 0, 0, 3, 3, 0, 0, 0, 0, 0, 0, 0, 0, 0, 0, 0, 
0, 0, 0, 3, 3, 0, 3, 3, 3, 3, 3, 0, 0, 0, 0, 0, 
0, 0, 0, 3, 3, 3, 3, 0, 0, 0, 3, 3, 0, 0, 0, 0, 
0, 0, 0, 3, 3, 3, 0, 0, 0, 0, 0, 3, 3, 0, 0, 0, 
0, 0, 0, 3, 3, 0, 0, 0, 0, 0, 0, 3, 3, 0, 0, 0, 
0, 0, 0, 3, 3, 0, 0, 0, 0, 0, 0, 3, 3, 0, 0, 0, 
0, 0, 0, 3, 3, 0, 0, 0, 0, 0, 0, 3, 3, 0, 0, 0, 
0, 0, 0, 3, 3, 3, 0, 0, 0, 0, 0, 3, 3, 0, 0, 0, 
0, 0, 0, 0, 3, 3, 3, 3, 3, 3, 3, 3, 0, 0, 0, 0, 
0, 0, 0, 0, 0, 3, 3, 3, 3, 3, 3, 0, 0, 0, 0, 0, 
0, 0, 0, 0, 0, 0, 0, 0, 0, 0, 0, 0, 0, 0, 0, 0
},
{
0, 0, 0, 0, 0, 0, 0, 0, 0, 0, 0, 0, 0, 0, 0, 0, 
0, 0, 0, 0, 3, 3, 3, 3, 3, 3, 3, 3, 3, 3, 0, 0, 
0, 0, 0, 3, 3, 3, 0, 0, 0, 0, 0, 0, 3, 3, 0, 0, 
0, 0, 0, 3, 3, 0, 0, 0, 0, 0, 0, 3, 3, 3, 0, 0, 
0, 0, 0, 0, 0, 0, 0, 0, 0, 0, 3, 3, 3, 0, 0, 0, 
0, 0, 0, 0, 0, 0, 0, 0, 0, 3, 3, 3, 0, 0, 0, 0, 
0, 0, 0, 0, 0, 0, 0, 0, 3, 3, 3, 0, 0, 0, 0, 0, 
0, 0, 0, 0, 0, 0, 0, 3, 3, 3, 0, 0, 0, 0, 0, 0, 
0, 0, 0, 0, 0, 0, 3, 3, 3, 0, 0, 0, 0, 0, 0, 0, 
0, 0, 0, 0, 0, 3, 3, 3, 0, 0, 0, 0, 0, 0, 0, 0, 
0, 0, 0, 0, 0, 3, 3, 0, 0, 0, 0, 0, 0, 0, 0, 0, 
0, 0, 0, 0, 3, 3, 3, 0, 0, 0, 0, 0, 0, 0, 0, 0, 
0, 0, 0, 0, 3, 3, 0, 0, 0, 0, 0, 0, 0, 0, 0, 0, 
0, 0, 0, 0, 3, 3, 0, 0, 0, 0, 0, 0, 0, 0, 0, 0, 
0, 0, 0, 3, 3, 3, 3, 0, 0, 0, 0, 0, 0, 0, 0, 0, 
0, 0, 0, 0, 0, 0, 0, 0, 0, 0, 0, 0, 0, 0, 0, 0
},
{
0, 0, 0, 0, 0, 0, 0, 0, 0, 0, 0, 0, 0, 0, 0, 0, 
0, 0, 0, 0, 0, 3, 3, 3, 3, 3, 3, 0, 0, 0, 0, 0, 
0, 0, 0, 0, 3, 3, 0, 0, 0, 0, 3, 3, 0, 0, 0, 0, 
0, 0, 0, 3, 3, 0, 0, 0, 0, 0, 0, 3, 3, 0, 0, 0, 
0, 0, 0, 3, 3, 0, 0, 0, 0, 0, 0, 3, 3, 0, 0, 0, 
0, 0, 0, 3, 3, 0, 0, 0, 0, 0, 0, 3, 3, 0, 0, 0, 
0, 0, 0, 0, 3, 3, 0, 0, 0, 0, 3, 3, 3, 0, 0, 0, 
0, 0, 0, 0, 0, 3, 3, 3, 3, 3, 3, 3, 0, 0, 0, 0, 
0, 0, 0, 0, 3, 3, 0, 0, 0, 3, 3, 0, 0, 0, 0, 0, 
0, 0, 0, 3, 3, 0, 0, 0, 0, 0, 3, 3, 0, 0, 0, 0, 
0, 0, 0, 3, 3, 0, 0, 0, 0, 0, 3, 3, 3, 0, 0, 0, 
0, 0, 0, 3, 3, 0, 0, 0, 0, 0, 3, 3, 3, 0, 0, 0, 
0, 0, 0, 3, 3, 3, 0, 0, 0, 3, 3, 3, 3, 0, 0, 0, 
0, 0, 0, 0, 3, 3, 3, 3, 3, 3, 3, 3, 0, 0, 0, 0, 
0, 0, 0, 0, 0, 3, 3, 3, 3, 3, 3, 0, 0, 0, 0, 0, 
0, 0, 0, 0, 0, 0, 0, 0, 0, 0, 0, 0, 0, 0, 0, 0
},
{
0, 0, 0, 0, 0, 0, 0, 0, 0, 0, 0, 0, 0, 0, 0, 0, 
0, 0, 0, 0, 0, 0, 3, 3, 3, 3, 3, 0, 0, 0, 0, 0, 
0, 0, 0, 0, 0, 3, 3, 0, 0, 0, 3, 3, 0, 0, 0, 0, 
0, 0, 0, 0, 3, 3, 0, 0, 0, 0, 0, 3, 3, 0, 0, 0, 
0, 0, 0, 0, 3, 0, 0, 0, 0, 0, 0, 0, 3, 3, 0, 0, 
0, 0, 0, 0, 3, 3, 0, 0, 0, 0, 0, 3, 3, 3, 0, 0, 
0, 0, 0, 0, 0, 3, 3, 0, 0, 0, 3, 3, 3, 3, 0, 0, 
0, 0, 0, 0, 0, 0, 3, 3, 3, 3, 3, 3, 3, 3, 0, 0, 
0, 0, 0, 0, 0, 0, 0, 0, 0, 0, 0, 3, 3, 0, 0, 0, 
0, 0, 0, 0, 0, 0, 0, 0, 0, 0, 3, 3, 3, 0, 0, 0, 
0, 0, 0, 0, 0, 0, 0, 0, 0, 3, 3, 3, 0, 0, 0, 0, 
0, 0, 0, 0, 0, 0, 0, 0, 3, 3, 3, 0, 0, 0, 0, 0, 
0, 0, 0, 0, 0, 0, 0, 3, 3, 3, 0, 0, 0, 0, 0, 0, 
0, 0, 0, 0, 0, 0, 3, 3, 3, 0, 0, 0, 0, 0, 0, 0, 
0, 0, 0, 0, 0, 3, 3, 3, 0, 0, 0, 0, 0, 0, 0, 0, 
0, 0, 0, 0, 0, 0, 0, 0, 0, 0, 0, 0, 0, 0, 0, 0
}
};

// Explosion A
{
0, 0, 0, 0, 0, 0, 0, 0, 0, 0, 0, 0, 0, 0, 0, 0, 
0, 0, 0, 0, 0, 0, 0, 0, 0, 0, 0, 1, 0, 0, 0, 0, 
0, 0, 0, 0, 0, 1, 0, 0, 0, 2, 0, 0, 0, 0, 0, 0, 
0, 0, 0, 0, 2, 0, 0, 0, 2, 0, 0, 0, 2, 2, 0, 0, 
0, 1, 2, 0, 0, 2, 0, 2, 0, 2, 0, 2, 0, 1, 0, 0, 
0, 0, 0, 2, 0, 2, 6, 6, 1, 1, 2, 0, 0, 0, 0, 0, 
0, 0, 0, 0, 2, 6, 1, 1, 6, 6, 6, 2, 0, 0, 0, 0, 
0, 0, 0, 0, 2, 6, 6, 1, 1, 6, 6, 2, 0, 0, 2, 0, 
0, 0, 0, 2, 0, 6, 6, 1, 6, 1, 6, 2, 0, 2, 0, 0, 
0, 0, 0, 0, 2, 2, 1, 6, 6, 6, 2, 0, 1, 0, 0, 0, 
0, 1, 0, 2, 0, 2, 2, 0, 2, 2, 0, 2, 0, 0, 0, 0, 
0, 0, 2, 0, 0, 0, 0, 2, 0, 0, 0, 0, 0, 2, 0, 0, 
0, 0, 0, 2, 0, 2, 0, 0, 2, 1, 2, 0, 2, 0, 1, 0, 
0, 0, 0, 0, 0, 0, 1, 0, 0, 0, 2, 0, 0, 0, 0, 0, 
0, 0, 0, 0, 0, 0, 2, 0, 0, 2, 0, 0, 0, 0, 0, 0, 
0, 0, 0, 0, 0, 0, 0, 0, 0, 0, 0, 0, 0, 0, 0, 0
},
// Explosion B
{
0, 1, 0, 0, 0, 0, 2, 0, 2, 0, 0, 0, 2, 0, 1, 0, 
0, 0, 2, 0, 0, 2, 1, 0, 0, 2, 0, 1, 0, 0, 0, 0, 
1, 0, 2, 1, 0, 0, 0, 2, 0, 1, 2, 0, 2, 6, 2, 0, 
2, 2, 0, 2, 2, 0, 1, 0, 2, 0, 2, 6, 6, 0, 0, 2, 
0, 2, 6, 6, 6, 2, 0, 2, 6, 2, 6, 2, 0, 1, 2, 0, 
0, 0, 2, 0, 6, 6, 2, 6, 1, 2, 6, 0, 2, 2, 0, 0, 
0, 2, 0, 2, 2, 6, 6, 1, 6, 1, 6, 2, 6, 2, 6, 2, 
2, 1, 0, 0, 1, 6, 1, 1, 1, 6, 1, 6, 6, 0, 0, 2, 
0, 0, 0, 0, 2, 6, 1, 1, 6, 6, 2, 0, 0, 2, 0, 0, 
0, 0, 2, 2, 6, 6, 2, 6, 6, 0, 6, 2, 0, 0, 0, 6, 
1, 2, 0, 6, 6, 2, 0, 2, 6, 6, 2, 0, 0, 0, 2, 0, 
0, 0, 2, 1, 2, 0, 6, 0, 2, 6, 2, 2, 0, 1, 0, 0, 
0, 6, 0, 0, 0, 2, 6, 2, 0, 2, 6, 1, 2, 0, 0, 0, 
2, 0, 2, 1, 0, 2, 0, 2, 0, 1, 0, 6, 0, 2, 0, 1, 
0, 2, 0, 0, 1, 0, 6, 0, 0, 2, 0, 2, 0, 2, 0, 0, 
1, 0, 0, 0, 0, 0, 0, 0, 0, 0, 0, 0, 0, 0, 2, 0
},